,0,1,2,3,4,5,6,7,8,9,10,11,12,13,14,15
3500,47183.794937586186,47020.18016817333,-2250.3065765269494,-889.666484554587,46980.19289734279,25644.156413573797,27463.789577935884,33059.59350581092,-156525.2878100023,-157148.1862244828,-16904.73609027101,-7945.374601528001,187500.0,74969.78491184532,3216.5277858409627,18506.46209793831
3501,47182.67735036342,47018.83906350602,-2247.579663703402,-890.6052578217099,46987.278400335126,25642.301218784003,27454.96063887604,33062.49923259011,-156547.3042782908,-157160.47968393323,-16898.164677401146,-7956.081087122094,187500.0,74966.63331587712,3184.073052891857,18504.629254892978
3502,47185.1360422535,47020.850720507,-2251.804143405455,-891.3875688776457,46976.46015601876,25634.54516345801,27448.232763794997,33033.576075264944,-156522.9408768345,-157150.95784079528,-16904.333758870813,-7946.782761428686,187500.0,74972.2436037354,3204.7931200019266,18493.60984487651
3503,47189.40522544447,47025.52223509816,-2246.283262524994,-877.4177285930788,46986.04905439008,25647.79974792001,27488.220034625538,33076.580831596955,-156548.5559759803,-157159.71972462174,-16894.275473865924,-7957.131619111493,187500.0,74967.77325484435,3179.4462417896084,18503.399908947937
3504,47188.24293473279,47024.69522055331,-2251.44651549417,-883.0056647069055,46976.68367346331,25645.00577986309,27456.39115052118,33075.15031995181,-156522.82911811222,-157145.3922564259,-16895.370709344235,-7944.681697449887,187500.0,74974.81405434776,3209.39757935972,18512.742938130254
3505,47188.2876382217,47024.71757229776,-2246.618538691824,-876.2554378814028,46984.50678402267,25650.41490202128,27481.782732222408,33094.261061461104,-156543.5938887112,-157153.4388844298,-16895.102488410772,-7956.014031888728,187500.0,74974.79170260331,3171.131392852234,18516.07334805409
3506,47182.43148117441,47027.35507814349,-2244.986861346586,-869.3711005891682,46994.38625507191,25661.41196029329,27506.168485423143,33119.004442573125,-156520.5939436667,-157141.5924598685,-16897.29295936739,-7948.101514351549,187500.0,74978.50209218288,3213.107968939301,18540.07912159909
3507,47182.36442594104,47025.87986300944,-2252.3852887612925,-873.1038419132045,46987.85954569096,25658.90856491429,27485.023735168423,33074.16684319578,-156534.0943973177,-157148.00741052718,-16898.634064034708,-7954.471761521311,187500.0,74973.07061828025,3188.67751224965,18537.441615753367
3508,47177.82702181661,47021.25305190719,-2252.094716083374,-877.6635977820871,46985.60201950098,25653.834718922943,27451.60787720774,33059.19117441073,-156515.52009767535,-157141.57010812403,-16902.925598970127,-7945.642822461466,187500.0,74979.21734800546,3202.043855433924,18526.86924062601
3509,47182.81146083015,47025.76810428716,-2252.429992250203,-878.3341501157463,46982.11514736595,25657.813329435987,27475.92657517512,33075.61970658538,-156526.7853768808,-157144.67700060332,-16901.76330825845,-7947.766238184719,187500.0,74974.81405434776,3169.6114742292734,18516.94506608785
3510,47182.43148117441,47022.16947342986,-2250.150114315762,-881.3739873616681,46982.36101655496,25656.85220442441,27458.62632496671,33082.92872702226,-156520.3927779666,-157143.42530291382,-16897.024738433927,-7946.648650961954,187500.0,74979.10558928318,3187.470518049064,18518.554391688634
3511,47186.94653355438,47027.44448512131,-2256.430954507703,-873.863801224685,46975.61078972946,25657.679218969253,27453.977162120005,33073.429235628755,-156525.4442722135,-157144.4981866477,-16894.20841863256,-7948.392087029468,187500.0,74973.96468805846,3164.5376282379184,18512.161792774416
3512,47181.20213522937,47022.63886006342,-2254.486352740092,-876.1660309035816,46985.11028112296,25653.521794500568,27456.681723199097,33084.02396250057,-156523.4996704459,-157145.52636689262,-16894.20841863256,-7949.912005652429,187500.0,74970.63427813462,3182.2849133354325,18514.933409086872
3513,47177.08941424959,47017.63206930543,-2258.7108324421447,-883.5644583182882,46980.17054559834,25649.520832243063,27472.350296062268,33068.62361057087,-156523.5443739348,-157144.9899250257,-16895.4377645776,-7948.101514351549,187500.0,74969.06965602275,3175.8252591878486,18509.7701561177
3514,47173.915466536935,47008.91488896786,-2253.6816899397004,-888.9065252431066,46995.57089752804,25645.69868394121,27471.72444721752,33070.79172978303,-156529.33347574872,-157152.12013150693,-16900.19868614658,-7955.879921421996,187500.0,74958.31846693975,3180.9214569236588,18506.015063049206
3515,47173.40137641447,47008.73607501222,-2266.6233499793234,-889.9794089769613,46981.13167060992,25642.21181180618,27458.20164182206,33075.93263100775,-156521.8903448451,-157148.47679716072,-16901.785660002908,-7953.600043487555,187500.0,74952.55171687028,3177.881619677737,18509.39017646196
3516,47169.71333857934,47001.8964412089,-2259.0908120978847,-890.8958304996289,47003.416359831856,25638.657884437787,27470.606859994758,33066.41078786979,-156537.1565863081,-157159.4515036883,-16903.48439258151,-7967.14520062747,187500.0,74946.60615284517,3177.7475092110053,18506.864429338508
3517,47170.60740835755,47008.49020582321,-2261.571855732424,-881.0163594503832,46994.20744111627,25648.15737583129,27483.749685734478,33088.1590352248,-156525.10899604668,-157153.103608263,-16904.91490422665,-7962.250168591759,187500.0,74949.75774881337,3193.527840796452,18509.3678247175
3518,47172.55201012517,47012.55822331408,-2244.472771224114,-875.3390163587352,47008.35609535648,25654.013532878584,27488.331793347814,33100.07251501948,-156539.88349913165,-157161.21729150024,-16903.037357692403,-7970.609721018043,187500.0,74948.99778950188,3194.958352441592,18525.19285979186
3519,47173.44607990338,47015.709819282274,-2250.038355593485,-874.4672983249782,46987.01017940166,25652.22539332216,27470.53980476139,33077.16197695279,-156523.0973390457,-157154.66823037484,-16900.82453499133,-7958.76329645673,187500.0,74955.83742330522,3218.6064980753063,18526.04222608116
3520,47171.6355886025,47009.76425525716,-2240.382401988793,-876.8812867261514,46999.370694085446,25652.31480029998,27471.34446756178,33057.42538659876,-156546.18669106803,-157166.26878574715,-16897.29295936739,-7969.447430306367,187500.0,74953.87046979314,3198.4452245766192,18523.09179581306
3521,47171.32266418012,47007.64083953391,-2243.019907834519,-877.2389146374363,46980.39406304289,25653.32062880047,27463.990743635983,33071.1046542054,-156524.5949059242,-157156.7469426092,-16901.673901280632,-7960.372622057513,187500.0,74959.01137101787,3214.627887562261,18525.684598169875
3522,47172.86493454754,47007.23850813371,-2233.0733815519075,-877.3506733597128,46994.20744111627,25650.90664039929,27455.27356329841,33071.84226177243,-156556.04381037282,-157172.86255036146,-16895.728337255518,-7979.371604844524,187500.0,74945.19799294448,3189.0798436498458,18526.980999348285
3523,47175.70360609336,47009.67484827934,-2241.812913633933,-878.3565018602017,46988.55244976908,25645.609276963387,27472.26088908445,33060.93461047824,-156532.3956647391,-157163.8100938571,-16892.710851754055,-7967.033441905194,187500.0,74951.41177790306,3213.040913705935,18523.270609768704
3524,47174.25074270377,47006.61265928896,-2244.91980611322,-884.7938042633301,47000.0412464191,25639.86487863837,27462.24730756847,33069.29416290452,-156563.62105174316,-157177.73523065273,-16894.364880843747,-7980.24332287828,187500.0,74942.31461790975,3183.782480213938,18517.88383935497
3525,47169.19924845687,47009.00429594568,-2255.0004428625634,-885.8666879971848,46986.69725497928,25642.278867039546,27469.35516230525,33061.895735489816,-156542.18572881052,-157168.3922014704,-16905.227828649025,-7972.509619296744,187500.0,74947.14259471209,3202.423835089664,18515.33574048707
3526,47172.4849548918,47012.4464645918,-2246.35031775836,-878.8035367493078,46999.05776966307,25654.013532878584,27479.6369647547,33073.16101469529,-156565.09626687723,-157177.69052716382,-16903.573799559334,-7977.941093199384,187500.0,74950.18243195802,3177.278122577444,18518.889667855463
3527,47174.29544619268,47015.3968948599,-2243.0646113234297,-874.020263435872,46990.273534092135,25665.0105911506,27475.01015365245,33097.70323010722,-156536.4413304855,-157164.9947363132,-16900.601017546775,-7962.428982547401,187500.0,74963.16879548655,3207.363570614287,18528.09858657105
3528,47175.34597818208,47013.67581053684,-2240.8964921112647,-874.3108361137911,46988.88772593591,25666.17288186227,27478.54172927639,33085.14154972333,-156555.57442373925,-157172.5496259391,-16895.705985511064,-7973.448392563867,187500.0,74962.0959117527,3176.5405150104184,18532.25601103973
3529,47176.50826889376,47010.92654596884,-2243.4669427236254,-875.5401820588329,46982.07044387704,25663.73654171664,27478.00528740946,33087.332020679954,-156537.2906967748,-157164.5029979352,-16898.54465705689,-7966.00526166025,187500.0,74960.17366172954,3199.451053077108,18526.086929570072
3530,47176.91060029395,47009.00429594568,-2241.410582233737,-876.2777896258581,46989.15594686937,25668.296297585526,27478.29586008738,33084.09101773394,-156559.06129587427,-157172.77314338365,-16896.510648311454,-7973.493096052778,187500.0,74956.70914133897,3170.460840518575,18529.30558077164
3531,47174.3848531705,47006.72441801124,-2237.2755095095054,-879.1164611716821,46993.40277831588,25667.51398652959,27489.404677081668,33092.428218415764,-156546.52196723485,-157168.3474979815,-16899.751651257473,-7970.207389617848,187500.0,74967.72855135544,3194.310151852388,18527.96447610432
3532,47172.61906535853,47008.69137152331,-2230.5029309395472,-879.764661760886,47000.77885398613,25664.250631839117,27491.4386858271,33090.64007885934,-156567.08557213374,-157179.32220450905,-16894.96837794404,-7979.729232755809,187500.0,74953.95987677097,3176.1381836102228,18528.769138904707
3533,47169.5345246237,47003.75163599869,-2235.9344048421867,-890.5605543327993,47000.95766794177,25643.88819264033,27485.738990991,33075.306782163,-156560.73767670844,-157178.2493207752,-16897.91880821214,-7978.902218210962,187500.0,74956.66443785005,3205.843651991326,18522.845926624053
3534,47177.17882122741,47007.57378430054,-2243.265777023528,-895.7238073019753,46988.038359646605,25630.141869800314,27486.476598558023,33034.71601423216,-156578.3508513392,-157183.3008150221,-16898.499953567978,-7983.260808379747,187500.0,74950.09302498019,3184.095404636312,18507.93731307236
3535,47182.945571296885,47008.55726105658,-2242.4611142231365,-893.9803712344612,46983.88093517792,25628.62195117736,27455.58648772079,33032.324377575445,-156575.31101409328,-157184.30664352258,-16894.141363399194,-7981.562075801144,187500.0,74950.38359765812,3188.9233814386585,18494.347452443537
3536,47189.04759753318,47020.02370596215,-2243.779867146,-876.9036384706067,46974.31438855104,25646.97273337516,27443.33773175928,33070.009418727095,-156577.92616819456,-157183.32316676655,-16883.613691760744,-7975.370642587023,187500.0,74959.77133032934,3169.119735851257,18508.04907179464
3537,47188.0864725216,47019.3978571174,-2232.0675530514186,-876.054272181305,47000.6447435194,25657.74627420262,27477.826473453817,33081.16293921029,-156576.62976701616,-157185.26776853416,-16876.95287191306,-7970.296796595669,187500.0,74958.07259775074,3177.613398744273,18514.620484664498
3538,47187.77354809923,47017.83323500553,-2238.706021154645,-878.6917780270312,46994.40860681637,25664.09416962793,27470.651563483665,33077.05021823051,-156571.80179021382,-157180.08216382054,-16879.925653925617,-7962.160761613937,187500.0,74960.53128964083,3167.4210032726533,18515.4698509538
3539,47183.25849571926,47011.19476690231,-2234.7721141305105,-883.5868100627434,47016.67094429385,25667.98337316315,27490.097581159785,33087.01909625758,-156574.61811001517,-157184.88778887843,-16883.97131967203,-7961.467857535823,187500.0,74960.75480708538,3171.399613785698,18518.86731611101
3540,47180.33041719561,47010.770083757656,-2252.2958817834715,-892.1251764446708,46997.80607197357,25667.5586900185,27462.984915135494,33064.44383435772,-156565.72211572196,-157182.16087605487,-16887.21232261805,-7955.254072577247,187500.0,74960.06190300726,3166.884561405726,18510.552467173635
3541,47180.53158289571,47006.94793545579,-2250.6642044382343,-892.0581212113049,47009.361923856966,25673.0125156656,27472.86438618474,33088.42725615826,-156579.91547345108,-157190.81100115908,-16888.39696507418,-7962.205465102847,187500.0,74954.65278084908,3156.6474624451957,18511.692406140854
3542,47183.03497827471,47009.40662734588,-2257.5932452193792,-894.0027229789166,46990.02766490313,25665.36821906188,27464.795406436373,33061.00166571161,-156562.39170579813,-157184.01607084466,-16889.827476719318,-7950.023764374705,187500.0,74954.98805701591,3167.3762997837425,18508.18318226137
3543,47182.5879433856,47005.092740666005,-2251.7817916609997,-894.3156474012909,46997.56020278457,25660.31672481498,27448.545688217368,33074.52447110706,-156582.24005487445,-157195.05783260558,-16890.319215097334,-7960.886712179985,187500.0,74951.03179824732,3148.0196890854468,18501.120031013492
3544,47180.55393464016,47007.08204592253,-2254.240483551084,-895.276772412869,46984.4397287893,25652.94064914473,27455.184156320596,33064.68970354673,-156559.88831041913,-157184.93249236734,-16894.051956421372,-7949.040287618672,187500.0,74959.01137101787,3157.809753156871,18507.490278183257
3545,47177.75996658325,47000.39887433039,-2243.131666556796,-893.7121503009976,46995.97322892824,25655.578154990453,27481.00042116647,33071.752854794606,-156582.12829615216,-157196.30953029508,-16891.079174408816,-7957.891578422974,187500.0,74947.07553947873,3141.783552382416,18506.03741479366
3546,47173.96017002585,46998.61073477397,-2252.8770271393096,-893.4662811119892,46979.45528977577,25642.72590192865,27457.06170285484,33064.801462269,-156552.28871730433,-157183.72549816675,-16896.53300005591,-7940.993659614762,187500.0,74952.95404827048,3160.111982835768,18500.3153682131
3547,47172.99904501427,46996.08498765052,-2248.496085226069,-893.4215776230786,46998.7448452407,25640.446023994213,27466.538842503887,33060.33111337794,-156574.48399954845,-157192.86736164897,-16894.3872325882,-7952.035421375683,187500.0,74948.08136797922,3138.3413837362987,18497.52140015619
3548,47172.59671361408,46997.269630106646,-2251.6923846831783,-893.3992258786233,46998.29781035159,25644.849317651908,27474.339601318792,33075.664410074285,-156547.19251956852,-157180.68566092083,-16897.315311111844,-7940.591328214566,187500.0,74952.93169652602,3162.660081703673,18500.293016468648
3549,47170.02626300172,46995.83911846151,-2245.1209718133177,-896.4390631245451,47015.57570881554,25648.872631653863,27482.140360133693,33067.99776172612,-156569.92424367956,-157190.67689069235,-16897.06944192284,-7948.705011451842,187500.0,74946.02500748933,3139.0119360699578,18496.24735072224
3550,47169.82509730162,46994.85564170547,-2248.1608090592395,-900.2612114264026,47007.10439766698,25649.565535731977,27452.52429873041,33055.525488320054,-156544.8455864007,-157180.28332952064,-16897.427069834124,-7938.646726446954,187500.0,74948.30488542377,3164.4258695156423,18498.23665597876
3551,47169.57922811261,46997.24727836219,-2236.6273089203014,-893.5109846008999,47028.13738919942,25655.287582312536,27497.473656830032,33073.04925597301,-156568.15845586758,-157191.45920174828,-16890.766249986442,-7948.325031796102,187500.0,74938.5371730968,3138.4084389696645,18501.656472880422
3552,47162.51607686473,46990.47469979224,-2241.5893961893794,-899.7471213039305,47017.0509239496,25654.05823636749,27476.753589719963,33070.50115710511,-156541.82810089923,-157183.65844293337,-16894.498991310476,-7935.584537456577,187500.0,74945.57797260022,3179.7368144675274,18501.455307180324
3553,47163.81247804314,46988.328932324526,-2238.6836694101894,-898.9201067590841,47018.41438036137,25653.49944275611,27466.87411867072,33063.1027296904,-156568.44902854552,-157195.7507366837,-16898.92463671263,-7948.794418429664,187500.0,74939.00655973036,3144.152837294678,18497.297882711635
3554,47160.996158241775,46989.357112569465,-2251.2677015385275,-900.5294323598663,47011.73120876923,25648.73852118713,27435.98400783348,33029.75392696309,-156550.38881902563,-157187.32412902403,-16904.177296659625,-7938.3114502801245,187500.0,74949.42247264653,3161.944825881103,18484.55738837211
3555,47161.21967568633,46988.39598755789,-2253.771096917522,-898.0036852364166,47014.88280473743,25662.59660274942,27460.995609878973,33050.071662672955,-156561.63174648664,-157190.00633835868,-16904.400814104178,-7941.23952880377,187500.0,74946.40498714507,3132.082895288813,18487.48546689576
3556,47153.26245466024,46977.37657754142,-2257.7497074305666,-903.9268975170728,47002.79051098711,25666.91048942929,27468.550499504865,33070.79172978303,-156533.31208626178,-157177.91404460836,-16910.86046825176,-7926.845005374552,187500.0,74950.80828080277,3163.4200410151534,18502.103507769527
3557,47154.5812075831,46977.51068800816,-2275.2287715946163,-908.6878190860532,46983.7915282001,25660.719056215177,27457.598144721767,33055.7043022757,-156535.5472607073,-157175.34359399602,-16913.3415118863,-7921.145310538449,187500.0,74935.81026027325,3135.4803604460194,18495.12976349947
3558,47155.184704683394,46978.5388682531,-2272.9712454046307,-910.6547725981204,46986.29492357909,25650.81723342148,27471.232708839503,33057.44773834321,-156522.8961733456,-157175.12007655145,-16917.655398566174,-7918.5301564371775,187500.0,74932.5916090717,3149.6066629417737,18485.69732733933
3559,47159.878571019006,46989.17829861383,-2265.729280201111,-900.9317637600618,46976.370749040936,25652.09128285543,27463.32019130233,33079.17363395377,-156525.6901414025,-157174.87420736245,-16904.73609027101,-7916.227926758281,187500.0,74933.66449280555,3141.917662849148,18494.03452802116
3560,47152.7260127933,46986.04905439008,-2259.023756864519,-902.6081445942098,46988.932429424814,25639.395492004813,27450.3785312627,33063.16978492377,-156520.37042622216,-157176.9976230857,-16907.261837394457,-7918.887784348462,187500.0,74936.27964690681,3164.62703521574,18488.75951632971
3561,47152.43544011539,46986.45138579028,-2254.2851870399936,-898.6071823367098,46986.9431241683,25642.79295716202,27494.232653884013,33062.58863956793,-156516.5929814092,-157174.91891085135,-16909.295846139892,-7915.736188380264,187500.0,74936.05612946226,3177.5463435109077,18493.85571406552
3562,47146.445172601365,46982.69629272179,-2249.9042451267537,-892.6392665671428,47003.05873192057,25641.697721683708,27491.72925850502,33069.54003209353,-156515.31893197526,-157174.6506899179,-16918.21419217756,-7915.155043024426,187500.0,74942.02404523182,3213.3091346393985,18502.37172870299
3563,47149.887341247486,46986.65255149038,-2254.2628352955385,-887.8783449981624,46986.76431021265,25643.21764030667,27476.552424019865,33060.95696222269,-156504.52303940334,-157167.4087247144,-16920.87404976774,-7911.109377278016,187500.0,74943.20868768796,3224.485006867052,18506.618560149494
3564,47158.73863205178,46988.35128406898,-2247.1996840476613,-887.632475809154,47000.421226074846,25642.569439717467,27477.312383331348,33064.28737214654,-156506.62410338214,-157172.12494279444,-16920.203497434082,-7915.199746513337,187500.0,74937.01725447385,3232.598690104329,18506.260932238216
3565,47166.3829286555,46995.63795276141,-2251.6476811942675,-884.1009001852156,46985.11028112296,25640.96011411669,27456.43585401009,33057.49244183212,-156492.31898693074,-157167.11815203645,-16914.503802597977,-7910.841156344552,187500.0,74941.73347255391,3239.863007052304,18508.294940983647
3566,47169.46746939033,46998.16369988486,-2242.505817712047,-880.7034350280089,47012.80409250309,25641.07187283896,27474.093732129782,33067.84129951493,-156506.7358621044,-157176.12590505194,-16911.508668840965,-7920.787682627164,187500.0,74942.9404667545,3237.4043151622195,18508.3172927281
3567,47169.7356903238,46999.10247315198,-2248.473733481614,-881.7539670174083,46997.98488592922,25634.500459969106,27473.937269918595,33058.38651161033,-156480.1819896915,-157160.3455734665,-16906.90420948317,-7903.822708585586,187500.0,74954.00458025988,3258.5937689058505,18503.69048162585
3568,47168.2828269342,46996.55437428408,-2244.964509602131,-882.1786501620592,47007.41732208936,25640.244858294114,27478.362915320748,33089.25427070311,-156491.22375145243,-157165.68764039132,-16906.881857738717,-7910.260010988714,187500.0,74955.36803667164,3240.399448919231,18502.483487425267
3569,47169.66863509043,47004.73511275472,-2262.3988702772704,-890.7170165439865,46986.83136544602,25640.580134460943,27475.47954028601,33085.946212523726,-156463.84286449468,-157151.18135823982,-16915.308465398368,-7894.099699747527,187500.0,74959.27959195133,3254.3245857148872,18502.97522580329
3570,47168.52869612321,46998.47662430723,-2268.0985651133738,-894.1144817011931,46989.31240908056,25634.321646013457,27458.536917988888,33071.037598972034,-156483.42299263753,-157158.66919263234,-16920.15879394517,-7903.75565335222,187500.0,74956.37386517214,3225.155559200711,18504.696310126343
3571,47177.201172971865,47004.936278454814,-2263.292940055482,-878.8035367493078,46978.60592348647,25639.239029793625,27474.652525741163,33075.55265135201,-156455.59507079067,-157142.4418261578,-16905.563104815854,-7894.457327658812,187500.0,74964.46519666495,3235.683230839161,18502.774060103187
3572,47174.22839095931,47002.58934528701,-2253.9722626176194,-880.926952472562,46983.5903625,25639.641361193822,27467.231746582,33095.28924170604,-156476.31513790073,-157151.80720708458,-16913.05093920838,-7913.389255212457,187500.0,74954.25044944888,3208.123529925768,18508.04907179464
3573,47176.62002761603,47006.92558371134,-2254.5981114623683,-881.6645600395871,46982.31631306605,25635.327474513942,27480.59808976628,33079.46420663169,-156444.0168671628,-157135.825709799,-16904.601979804276,-7900.738167850754,187500.0,74964.95693504298,3231.101123225823,18505.813897349108
3574,47170.29448393518,47005.11509241046,-2258.7555359310554,-894.4497578680227,46988.01600790215,25631.482974467635,27469.19870009407,33074.747988551615,-156467.59795756318,-157146.5992506265,-16906.5912850608,-7915.132691279971,187500.0,74963.81699607575,3198.780500743449,18498.03549027866
3575,47180.33041719561,47014.86045299297,-2251.379460260804,-878.9823507049502,46981.80222294357,25636.75798615909,27452.05491209685,33080.31357292099,-156439.05477989375,-157131.26595393015,-16906.68069203862,-7903.330970207569,187500.0,74962.1406152416,3226.49666386803,18505.07628978208
3576,47183.794937586186,47013.8993279814,-2252.2288265501056,-883.7879757628413,46985.646722989884,25632.64526517931,27456.59231622128,33063.840337257425,-156463.59699530568,-157138.66438134486,-16898.745822756984,-7914.864470346507,187500.0,74962.07356000824,3200.590992044329,18500.62829263548
3577,47188.15352775497,47023.28706065263,-2247.669070681223,-877.6188942931765,46983.34449331099,25641.98829436163,27457.39697902167,33089.32132593648,-156436.19375660346,-157122.34760789247,-16897.24825587848,-7904.873240574985,187500.0,74978.90442358308,3233.671573838184,18505.70213862683
3578,47196.44602494789,47027.533892099134,-2241.723506656111,-869.3040453558023,46994.43095856082,25647.531526986542,27459.319229044824,33091.98118352666,-156458.50079756987,-157130.81891904105,-16894.878970966216,-7917.546679681144,187500.0,74968.15323450009,3206.8047770029043,18510.8206881071
3579,47193.31678072415,47024.11407519747,-2237.051992064952,-871.3157023567799,46999.52715629663,25643.06117809548,27499.35120336428,33087.42142765778,-156436.75255021485,-157120.51476484715,-16888.128744140715,-7912.115205778505,187500.0,74980.78197011733,3243.5957483763395,18520.29782775615
3580,47185.7395393538,47014.21225240377,-2252.184123061195,-880.2564001389028,46990.11707188095,25642.614143206378,27479.301688587868,33076.223203685666,-156454.81275973472,-157127.42145388384,-16897.091793667292,-7920.765330882708,187500.0,74974.27761248084,3222.115721954789,18513.815821864107
3581,47181.00096952927,47008.221984889744,-2257.1238585858177,-891.2311066664585,46990.38529281441,25645.050483352006,27474.339601318792,33102.68766912075,-156440.46293979444,-157122.14644219237,-16898.701119268077,-7915.870298846996,187500.0,74990.12499929965,3237.918405284692,18515.246333509247
3582,47179.2351817173,47009.563089557065,-2261.1248208433176,-881.0834146837491,46992.03932190411,25653.94647764522,27487.661241014157,33095.669221361786,-156453.44930332297,-157126.8850120169,-16905.384290860213,-7925.23567977377,187500.0,74972.8471008357,3207.609439803295,18514.262856753216
3583,47168.90867577895,46994.475662049736,-2265.5504662454687,-898.4283683810673,46993.60394401597,25636.64622743681,27458.20164182206,33072.512814106085,-156444.7768264743,-157124.336913149,-16913.810898519863,-7927.761426897219,187500.0,74972.66828688006,3224.1497307002223,18510.083080540076
3584,47167.09818447807,46992.50870853767,-2276.3687105618374,-907.7713975633858,46986.31727532355,25626.811459876477,27446.757548660946,33056.68777903173,-156452.48817831138,-157127.66732307285,-16919.756462544974,-7931.293002521158,187500.0,74973.62941189163,3192.63377101824,18490.07826925257
3585,47164.99712049927,46990.899382936885,-2278.1344983738063,-911.7053045875198,47001.58351678652,25617.91546558326,27462.51552850193,33062.16395642328,-156455.8856434686,-157133.97051500925,-16931.915811528663,-7937.775008413198,187500.0,74955.97153377194,3190.7785762284493,18487.55252212912
3586,47166.62879784451,46991.70404573728,-2278.827402451921,-920.5565953918214,46994.00627541617,25616.954340571683,27472.931441418103,33082.302878177514,-156455.7515330019,-157131.02008474115,-16927.154889959682,-7934.086970578071,187500.0,74956.61973436114,3176.764032454972,18483.976243016277
3587,47162.44902163136,46986.5407927681,-2271.1607541037506,-919.148435491137,47003.52811855413,25608.080698022928,27462.806101179853,33063.840337257425,-156462.85938773863,-157135.9374685213,-16925.97024750355,-7943.005316615739,187500.0,74958.36317042865,3178.7980412004044,18482.52337962668
3588,47159.54329485218,46984.97617065623,-2283.0071786650637,-922.99293553745,46990.00531315867,25607.63366313382,27469.48927277199,33063.281543646044,-156460.31128887073,-157136.5856691105,-16934.218041207558,-7944.078200349593,187500.0,74959.45840590697,3172.047814374902,18469.022925975674
3589,47164.840658288085,46987.36780731295,-2274.982902405608,-915.8180255672964,47000.890612708405,25616.194381260204,27479.4357990546,33089.88011954786,-156469.07317269722,-157140.2960586901,-16929.054788238383,-7950.403744030445,187500.0,74962.02885651933,3168.717404451061,18486.613748862
3590,47162.739594309285,46986.42903404583,-2278.112146629351,-919.3272494467794,46986.987827657205,25618.138983027817,27467.209394837548,33061.13577617834,-156455.79623649077,-157130.57304985204,-16926.596096348298,-7940.814845659119,187500.0,74957.98319077292,3173.679491720139,18480.310556925604
3591,47157.062251217634,46983.076272377526,-2269.082041869407,-913.4934441439444,47008.244336634205,25627.03497732103,27490.00817418196,33068.958886737695,-156474.7281640444,-157140.96661102376,-16930.418244650155,-7947.632127717988,187500.0,74966.36509494366,3168.5385904954187,18483.28333893816
3592,47157.95632099585,46989.40181605838,-2270.311387814449,-899.7247695594752,46989.71474048076,25635.796861147508,27467.09763611527,33082.9063752778,-156456.60089929117,-157130.77421555214,-16926.64079983721,-7935.85275839004,187500.0,74971.01425779036,3183.402500558198,18497.61080713401
3593,47163.05251873166,46994.16273762736,-2262.7117946996445,-894.3603508902015,46999.32599059653,25634.16518380227,27468.12581636021,33084.895680534326,-156482.55127460376,-157144.4311314143,-16933.25691619598,-7947.699182951354,187500.0,74975.17168225905,3167.1974858281,18503.735185114765
3594,47167.209943200345,46998.43192081832,-2270.6466639812784,-896.4614148690004,46991.43582480381,25629.203096533194,27471.880909428703,33075.46324437419,-156460.11012317063,-157133.09879697548,-16917.610695077266,-7932.231775788281,187500.0,74976.62454564865,3188.2751808494545,18500.7176996133
3595,47167.47816413381,46996.95670568427,-2266.9139226572424,-896.5731735912769,47007.618487789456,25618.809535361477,27484.084961901302,33068.93653499324,-156490.37438516313,-157148.342686694,-16925.143232958704,-7945.016973616716,187500.0,74966.61096413266,3169.5667707403627,18498.437821678857
3596,47169.3333589236,46995.5932492725,-2277.3968908067814,-904.1727667060812,46990.96643817025,25612.81926784745,27464.549537247367,33046.07070041546,-156469.72137328642,-157137.9938290112,-16927.132538215224,-7934.154025811437,187500.0,74964.95693504298,3195.137166397234,18484.400926160924
3597,47174.1836874704,46998.1413481404,-2261.705966199156,-892.3710456336792,47005.15979589937,25636.04273033652,27478.608784509757,33096.630346373364,-156496.83403931072,-157146.8004163266,-16919.152965444682,-7945.508711994734,187500.0,74951.09885348068,3172.986587642025,18491.799353575632
3598,47172.0826234916,46993.93922018281,-2267.3162540574376,-897.2213741804808,46992.06167364856,25631.3488640009,27463.54370874688,33084.1580729673,-156475.443419867,-157136.67507608832,-16921.25402942348,-7934.891633378463,187500.0,74961.9394495415,3206.4471490916194,18495.17446698838
3599,47170.696815335374,46990.45234804778,-2267.092736612885,-895.0756067127713,46998.43192081832,25630.61125643388,27466.11415935924,33079.73242756515,-156504.29952195878,-157150.2872884616,-16920.203497434082,-7947.81094167363,187500.0,74953.73635932642,3179.6921109786167,18492.80518207612
3600,47161.689062319885,46989.982961414215,-2270.40079479227,-894.4944613569334,46984.66324623385,25639.015512349077,27461.777920934903,33103.15705575432,-156489.50266712936,-157145.8839948039,-16929.79239580541,-7943.787627671675,187500.0,74957.33499018372,3198.9593146990915,18497.297882711635
3601,47164.50538212126,46992.26283934866,-2267.875047668821,-888.2583246539027,46983.63506598891,25644.134061829336,27455.8323569098,33081.677029332765,-156524.9972373244,-157159.4515036883,-16926.797262048396,-7956.90810166694,187500.0,74949.26601043536,3164.6046834712847,18500.09185076855
3602,47160.34795765256,46992.06167364856,-2274.7593849610557,-893.9356677455506,46981.042263632095,25635.59569544741,27482.05095315587,33084.1580729673,-156509.8874580726,-157155.1376170084,-16934.910945285672,-7947.922700395907,187500.0,74957.8937837951,3193.7290064965496,18497.40964143391
3603,47162.06904197563,46997.269630106646,-2274.4464605386806,-892.1698799335815,46987.546621268586,25639.775471660552,27461.3308860458,33070.16588093828,-156539.21294679798,-157166.6487654029,-16930.53000337243,-7958.495075523267,187500.0,74957.33499018372,3171.779593441438,18503.6681298814
3604,47163.365443154034,47004.22102263225,-2281.375501319826,-892.1251764446708,46987.747786968685,25638.344960015413,27441.34842650276,33063.05802620149,-156523.1420425346,-157156.27755597563,-16940.610640121777,-7952.258938820236,187500.0,74960.196013474,3194.10898615229,18492.53696114265
3605,47174.831888059605,47010.14423491291,-2273.686501227201,-886.4478333530228,47001.80703423108,25641.563611216978,27493.65150852817,33071.3058199055,-156535.1002258182,-157155.3387827085,-16929.68063708313,-7953.443581276368,187500.0,74956.70914133897,3176.8981429217038,18509.23371425077
3606,47171.277960691215,47000.555336541576,-2275.7205099726334,-899.5906590927433,47001.15883364187,25634.07577682445,27471.478578028516,33068.48950010413,-156525.13134779112,-157153.32712570752,-16931.96051501757,-7950.33668879708,187500.0,74963.05703676428,3200.367474599776,18503.154039758927
3607,47174.72012933733,47003.90809820988,-2279.140326874295,-893.5333363453551,46994.16273762736,25639.060215837984,27471.232708839503,33101.8606545759,-156534.1391008066,-157155.8975763199,-16933.50278538499,-7952.303642309147,187500.0,74957.8937837951,3177.903971422192,18503.75753685922
3608,47168.819268801126,46996.55437428408,-2275.4299372947144,-902.0046474939164,47003.97515344324,25627.79493663251,27488.220034625538,33085.54388112353,-156522.80676636778,-157150.95784079528,-16932.474605140043,-7948.86147366303,187500.0,74953.57989711523,3187.157593626689,18499.600112390533
3609,47168.46164088984,46995.61560101695,-2279.7214722301333,-900.0600457263048,46989.82649920303,25631.192401789714,27472.52911001791,33079.97829675416,-156521.42095821156,-157149.1473494944,-16936.050884252894,-7944.502883494245,187500.0,74957.4914523949,3175.065299876368,18485.60792036151
3610,47169.5345246237,46997.470795806745,-2271.2054575926613,-903.1892899500476,47004.2433743767,25636.378006503342,27465.42125528112,33104.45345693272,-156515.02835929734,-157146.57689888202,-16931.379369661736,-7941.463046248323,187500.0,74961.71593209695,3184.140108125223,18491.12880124197
3611,47171.36736766903,46999.52715629663,-2275.83226869491,-895.120310201682,46995.1909178723,25634.07577682445,27479.39109556569,33092.00353527111,-156506.4899929154,-157139.9384307788,-16923.288038168914,-7932.678810677387,187500.0,74953.37873141513,3173.5230295089523,18498.37076644549
3612,47173.088451992095,46999.32599059653,-2274.088832627396,-899.9929904929389,46999.03541791862,25634.500459969106,27454.7818249204,33079.240689187136,-156509.73099586144,-157143.22413721372,-16926.909020770672,-7933.058790333127,187500.0,74945.06388247776,3178.619227244762,18496.157943744416
3613,47170.49564963528,46995.88382195042,-2283.364806576348,-901.8705370271848,46985.84788868998,25642.390625761826,27459.274525555917,33077.206680441705,-156494.73297533192,-157133.16585220883,-16929.747692316498,-7922.374656483491,187500.0,74952.17173721454,3178.2839510779327,18495.86737106649
3614,47177.08941424959,46997.739016740205,-2269.439669780692,-900.0376939818495,47005.8974034664,25643.351750773403,27477.312383331348,33086.39324741283,-156501.08087075723,-157135.3786749099,-16928.898326027196,-7924.788644884664,187500.0,74952.93169652602,3181.7037679795944,18507.11029852752
3615,47169.35571066805,46993.6933509938,-2278.827402451921,-905.6256300956762,46989.11124338046,25642.055349594997,27457.486385999488,33065.71788379167,-156480.42785888052,-157124.26985791564,-16931.513480128466,-7912.226964500781,187500.0,74963.1464437421,3189.7056924945946,18499.980092046277
3616,47166.5840943556,46987.25604859067,-2274.178239605217,-904.7762638063746,46997.470795806745,25633.137003557327,27475.81481645284,33067.7071890482,-156494.17418172053,-157129.50016611817,-16938.64368660971,-7914.037455801661,187500.0,74959.07842625123,3168.4044800286865,18494.72743209928
3617,47167.29935017817,46989.15594686937,-2288.952742690175,-906.7208655739864,46974.76142344016,25622.83284936343,27457.799310421866,33065.673180302765,-156480.00317573585,-157120.17948868033,-16933.905116785183,-7907.264877231703,187500.0,74957.2902866948,3172.8748289197483,18497.208475733816
3618,47174.54131538168,46992.82163296004,-2278.469774540636,-902.0493509828271,46992.97809517123,25626.632645920832,27485.58252877981,33071.819910027974,-156513.86606858566,-157135.40102665438,-16933.279267940434,-7926.375618740991,187500.0,74946.69555982298,3147.6397094297063,18488.357184929515
3619,47178.49757415028,46999.23658361872,-2282.6271990093232,-900.9764672489724,46976.21428682975,25630.96888434516,27454.46890049802,33080.60414559891,-156499.76211783435,-157126.05799747206,-16935.469738897056,-7916.071464547094,187500.0,74953.22226920394,3166.7951544279044,18492.067574509096
3620,47183.079681763615,47001.85173771998,-2266.243370323583,-899.0765689702713,46988.798318958085,25631.482974467635,27458.76043543344,33076.580831596955,-156531.00985658288,-157141.36894242396,-16922.036340479415,-7932.008258343728,187500.0,74946.60615284517,3147.349136751788,18493.69925185433
3621,47182.11855675204,47000.46592956376,-2273.1277076158176,-899.4118451371008,46989.088891636005,25628.71135815517,27468.550499504865,33060.845203500416,-156514.00017905238,-157132.1823754528,-16928.78656730492,-7924.14044429546,187500.0,74945.13093771112,3170.393785285209,18486.68080409537
3622,47182.945571296885,47001.98584818672,-2258.219094064128,-891.8122520222965,47016.11215068247,25630.45479422269,27493.96443295055,33062.29806689001,-156544.53266197833,-157146.01810527066,-16924.807956791872,-7936.679772934887,187500.0,74933.12805093861,3157.8321049013266,18488.491295396245
3623,47178.07289100563,46997.403740573376,-2264.835210422899,-895.1650136905926,46998.07429290704,25635.93097161424,27450.06560684033,33067.93070649275,-156515.36363546416,-157134.30579117607,-16925.92554401464,-7922.776987883686,187500.0,74943.29809466578,3182.4413755466194,18488.84892330753
3624,47185.247800975776,46994.72153123874,-2260.0966405983736,-895.4555863685115,47013.094665181,25646.54805023051,27496.087848673804,33096.45153241772,-156528.86408911517,-157135.95982026577,-16926.01495099246,-7922.464063461311,187500.0,74952.12703372563,3157.4744769900417,18494.23569372126
3625,47180.4868794068,46988.95478116928,-2268.858524424854,-898.2942579143355,46999.72832199673,25644.961076374184,27473.31142107385,33084.22512820067,-156486.21696069444,-157114.36803512194,-16932.96634351806,-7898.65945561641,187500.0,74956.97736227243,3193.550192540907,18498.124897256483
3626,47182.34207419659,46993.24631610469,-2262.7564981885557,-892.0134177223943,47004.89157496591,25655.17582359026,27484.800217723878,33093.79167482754,-156477.8350565237,-157105.7849652511,-16928.607753349275,-7888.042377000139,187500.0,74964.26403096486,3167.599817228296,18502.014100791705
3627,47172.19438221388,46985.0432258896,-2281.5543152754685,-902.0717027272824,46994.78858647211,25648.067968853476,27467.34350530428,33085.54388112353,-156428.12477685508,-157080.50514227213,-16933.860413296272,-7865.534170333644,187500.0,74973.00356304689,3185.2800470924435,18502.259969980714
3628,47179.324588695126,46987.054882890574,-2281.4872600421027,-900.1941561930366,46999.59421153,25653.588849733933,27474.04902864087,33100.67601211977,-156428.41534953302,-157078.9852236492,-16934.374503418745,-7865.981205222751,187500.0,74974.05409503629,3146.5668256958515,18498.32606295658
3629,47181.67152186293,46989.55827826957,-2280.302617585972,-905.2680021843912,46994.56506902756,25635.528640214045,27469.042237882884,33069.62943907135,-156413.55143947023,-157071.83266542348,-16936.006180763983,-7862.606091809999,187500.0,74979.1502927721,3162.7941921704046,18487.306652940115
3630,47185.38191144251,46990.05001664758,-2272.6136174933454,-904.4856911284556,46993.46983354924,25637.94262861522,27468.41638903813,33085.8568055459,-156435.85848043664,-157080.79571495007,-16921.276381167936,-7870.518609347178,187500.0,74950.51770812484,3134.921566834637,18484.400926160924
3631,47190.81338534515,46994.5427172831,-2260.566027231935,-894.0921299567378,47004.62335403244,25636.75798615909,27480.50868278845,33098.88787256335,-156435.74672171436,-157085.64604349688,-16914.05676770887,-7875.592455338533,187500.0,74954.83159480472,3153.920549621648,18492.46990590929
3632,47198.63649590451,47004.77981624363,-2255.603939962857,-891.9016590001178,47015.06161869307,25637.31677977047,27505.60969181177,33086.706171835205,-156448.04018116478,-157089.80346796554,-16906.188953660603,-7878.051147228617,187500.0,74942.56048709876,3150.43367748662,18487.77603957368
3633,47190.67927487842,46996.91200219536,-2257.727355686111,-900.8870602711512,47012.982906458725,25633.919314613264,27473.691400729585,33083.19694795572,-156426.44839602095,-157080.1251626164,-16908.96056997306,-7865.578873822556,187500.0,74949.33306566872,3179.1109656227786,18487.910150040407
3634,47192.4897661793,46996.82259521754,-2264.0752511114183,-899.1883276925478,47003.841042976506,25639.30608502699,27461.57675523481,33086.4603026462,-156411.45037549143,-157072.5255695016,-16914.97318923154,-7854.179484150349,187500.0,74942.58283884321,3161.475439247541,18481.78577205965
3635,47182.72205385233,46986.00435090117,-2261.8177249214323,-893.6003915787211,47015.93333672683,25641.317742027968,27466.337676803792,33098.70905860771,-156400.65448291952,-157069.68689795578,-16916.671921810143,-7850.64790852641,187500.0,74943.7898330438,3167.5104102504743,18495.532094899667
3636,47182.34207419659,46989.91590618085,-2264.1646580892398,-895.4332346240562,47005.31625811056,25641.429500750244,27478.653487998665,33077.206680441705,-156390.08210779217,-157062.1767118188,-16917.25306716598,-7845.484655557234,187500.0,74950.65181859158,3160.2237415580444,18494.14628674344
3637,47177.11176599405,46984.48443227821,-2256.16273357424,-890.5158508438886,47017.319144883055,25653.655904967294,27487.99651718098,33095.42335217278,-156396.3629479841,-157064.2777757976,-16918.996503233495,-7847.876292213952,187500.0,74951.34472266969,3162.168343325656,18502.4164321919
3638,47178.184649727904,46988.28422883561,-2268.5232482580245,-895.3214759017796,47005.20449938828,25651.51013749959,27496.087848673804,33105.45928543321,-156381.27552047677,-157052.02901983607,-16924.20445969158,-7837.840358953519,187500.0,74958.18435647302,3166.3481195387985,18505.255103737727
3639,47179.57045788413,46985.84788868998,-2264.2317133226056,-901.0882259712488,47012.13354016942,25645.16224207428,27495.797275995887,33101.79359934254,-156389.03157580277,-157057.03581059407,-16917.945971244095,-7845.21643462377,187500.0,74956.55267912778,3160.9613491250693,18504.13751651496
3640,47184.73371085331,46993.80510971607,-2281.017873408541,-902.2952201718356,46981.332836310015,25643.93289612924,27462.29201105738,33101.100695264424,-156388.04809904672,-157055.4711884822,-16926.707855070574,-7845.082324157039,187500.0,74953.51284188186,3152.579444954329,18488.13366748496
3641,47183.370254441536,46988.57480151353,-2274.088832627396,-906.6538103406205,46997.24727836219,25642.54708797301,27475.81481645284,33100.340735952945,-156417.7759191723,-157066.3788397764,-16916.15783168767,-7860.84030399803,187500.0,74952.93169652602,3141.6047384267736,18491.28526345316
3642,47181.693873607386,46989.357112569465,-2280.9508181751758,-909.6712958420868,46983.63506598891,25633.382872746333,27471.836205939795,33084.94038402324,-156408.43288998996,-157062.2214153077,-16922.72924455753,-7857.845170241019,187500.0,74935.3408736397,3162.950654381592,18484.44562964984
3643,47179.39164392849,46987.03253114611,-2275.318178572438,-909.246612697436,47002.58934528701,25627.102032554398,27486.856578213763,33078.23486068664,-156433.69036122446,-157075.4759997697,-16911.419261863146,-7868.261083157192,187500.0,74923.29328337828,3157.921511879148,18486.479638395267
3644,47174.9883502708,46987.88189743541,-2285.5105740440576,-913.3369819327572,46985.60201950098,25617.55783767198,27472.77497920692,33068.69066580423,-156417.28418079426,-157071.5197410011,-16925.657323081174,-7863.589568566033,187500.0,74931.1387456821,3184.63184650324,18478.90239702492
3645,47178.05053926117,46991.50288003718,-2276.92750417322,-903.859842283707,46994.14038588291,25617.60254116089,27462.5825837353,33070.56821233848,-156440.35118107215,-157086.9871481642,-16923.19863119109,-7878.31936816208,187500.0,74925.32729212372,3177.7028057220946,18484.69149883884
3646,47180.33041719561,46997.98488592922,-2281.531963531013,-903.3010486723244,46974.51555425114,25621.804669118486,27445.416443993625,33089.65660210331,-156418.17825057247,-157075.8783311699,-16923.220982935545,-7868.283434901647,187500.0,74937.57604808522,3210.9845532160466,18486.345527928537
3647,47187.2371062323,47006.23267963323,-2270.2666843255383,-890.3593886327016,46982.36101655496,25629.31485525547,27460.05683661185,33113.282395992566,-156445.3803235746,-157087.56829352002,-16924.182107947126,-7880.934522263351,187500.0,74940.68294056451,3200.8592129777926,18495.308577455115
3648,47186.387739943,47003.08108366503,-2273.440632038192,-896.5508218468216,46977.35422579697,25625.11272729787,27467.65642972665,33100.51954990859,-156427.87890766608,-157077.08532537048,-16916.068424709847,-7875.257179171704,187500.0,74958.31846693975,3234.208015705111,18503.6681298814
3649,47186.81242308765,46999.504804552176,-2277.0392628954964,-901.0882259712488,46981.26578107665,25609.31004396797,27461.375589534717,33067.64013381483,-156462.6358702941,-157095.54786629055,-16923.712721313565,-7897.251295715725,187500.0,74940.92880975352,3212.6609340501946,18484.93736802785
3650,47185.69483586489,46996.42026381735,-2275.854620439365,-908.6207638526874,46990.69821723679,25603.856218320878,27483.548520034376,33071.35052339441,-156453.76222774532,-157093.44680231175,-16923.913887013663,-7902.079272518072,187500.0,74945.42151038903,3245.8979780552363,18479.37178365848
3651,47190.52281266723,46998.230755118224,-2268.3220825579265,-902.3846271496568,47001.56116504207,25609.287692223515,27490.00817418196,33092.383514926856,-156480.65137632506,-157104.17563965032,-16927.892497526707,-7916.719665136298,187500.0,74939.11831845265,3233.559815115907,18483.149228471422
3652,47193.42853944642,46999.23658361872,-2258.7778876755106,-896.1261387021708,46993.78275797162,25610.271168979547,27472.90908967365,33110.44372444674,-156469.944890731,-157098.92297970332,-16918.460061366568,-7916.809072114119,187500.0,74944.57214409973,3265.478106198085,18496.38146118897
3653,47189.9416673114,47000.48828130821,-2267.338605801893,-895.7238073019753,46988.35128406898,25610.628796890836,27460.705037201053,33092.02588701557,-156496.94579803298,-157111.95404672076,-16920.11409045626,-7930.465987976312,187500.0,74940.25825741986,3243.752210587527,18493.85571406552
3654,47184.9348765534,46996.91200219536,-2274.960550661153,-897.8472230252294,46990.07236839204,25610.87466607984,27474.138435618694,33087.42142765778,-156497.28107419983,-157111.43995659827,-16925.00912249197,-7934.109322322527,187500.0,74944.25921967736,3249.228387979077,18495.018004777197
3655,47191.0369027897,46998.789548729605,-2277.6427599957897,-897.1543189471149,46997.98488592922,25614.093317281404,27500.468790587045,33088.7625323251,-156525.8913071026,-157122.90640150386,-16926.372578903745,-7951.454276019845,187500.0,74937.46428936295,3227.59189934634,18496.940254800356
3656,47193.47324293533,46998.3425138405,-2274.692329727689,-897.601353836221,46997.98488592922,25609.712375368166,27476.35125831977,33075.06091297399,-156530.3393042492,-157128.8296137845,-16918.840041022308,-7963.479514536801,187500.0,74945.10858596666,3243.9533762876245,18497.633158878467
3657,47201.09518779459,47004.06456042106,-2280.481431541614,-900.6858945710534,46984.886763678405,25601.822209575443,27442.354255003247,33046.00364518209,-156546.2090428125,-157138.2396982002,-16917.20836367707,-7973.157819885948,187500.0,74930.60230381516,3221.556928343407,18489.363013430004
3658,47198.07770229313,47001.315295853055,-2277.061614639952,-897.6907608140423,46992.97809517123,25612.863971336363,27443.94122885957,33086.8626340464,-156558.59190924073,-157147.9850587827,-16919.979979989526,-7983.126697913015,187500.0,74935.3855771286,3217.980649230558,18481.696365081832
3659,47200.04465580519,47005.13744415491,-2270.244332581083,-891.9016590001178,46992.06167364856,25617.200209760693,27498.92652021963,33121.26196876311,-156567.91258667858,-157148.7897215831,-16914.190878175603,-7986.658273536954,187500.0,74943.09692896568,3219.098236453324,18501.164734502403
3660,47199.61997266054,47002.7458074982,-2261.013062121041,-887.4536618535116,46994.877993449925,25611.16523875776,27480.44162755509,33098.239671974145,-156585.68222352056,-157157.61866064294,-16913.11799444175,-8000.516355099244,187500.0,74944.57214409973,3229.380038902764,18493.721603598788
3661,47197.965943570845,47004.57865054353,-2260.566027231935,-884.860859496696,46984.30561832257,25620.35180572889,27489.96347069305,33108.722640123684,-156595.58404631427,-157163.58657641252,-16914.235581664514,-8004.897297012484,187500.0,74943.29809466578,3221.847501021326,18495.6662053664
3662,47196.088397036605,47000.86826096395,-2263.11412609984,-892.7286735449641,46989.87120269194,25617.15550627178,27473.512586773944,33097.45736091821,-156616.54998261333,-157172.61668117245,-16915.621389820742,-8016.766073318252,187500.0,74939.11831845265,3220.707562054105,18496.73908910025
3663,47195.86487959205,47002.5446417981,-2267.763288946544,-890.0911676992379,46988.239525346704,25620.932951084727,27506.079078445327,33091.42238991528,-156617.15347971363,-157171.43203871633,-16916.493107854498,-8017.101349485082,187500.0,74942.9404667545,3221.176948687667,18499.398946690435
3664,47198.65884764896,47000.57768828603,-2259.403736520259,-889.8005950213188,46999.28128710762,25624.196305775204,27479.05581939886,33085.096846234424,-156646.65778239464,-157188.64288194693,-16920.896401512196,-8035.765056105263,187500.0,74936.45846086246,3215.454902107108,18502.528190914178
3665,47199.307048238166,47003.97515344324,-2269.014986636041,-885.4196531080787,46989.06653989155,25626.4985354541,27472.931441418103,33083.554575867005,-156647.28363123938,-157186.45241099028,-16919.555296844876,-8037.150864261493,187500.0,74945.28739992231,3226.071980723379,18505.27745548218
3666,47194.92610632493,47000.01889467465,-2265.081079611907,-896.9308015025618,47004.4445400768,25620.3965092178,27482.07330490033,33076.64788683032,-156675.6926984421,-157200.08697510805,-16917.722453799543,-8050.49485570131,187500.0,74940.77234754233,3217.06422770789,18502.63994963645
3667,47200.424635460935,47009.22781339024,-2269.30555931396,-886.7607577753971,46986.49608927919,25632.242933779115,27472.39499955118,33101.16775049779,-156667.51195997142,-157195.7954401726,-16918.616523577755,-8044.482236442833,187500.0,74938.85009751917,3227.770713301982,18497.65551062292
3668,47189.89696382248,46998.65543826288,-2276.413414050748,-907.5255283743774,46992.97809517123,25619.03305280603,27453.016037108428,33086.706171835205,-156697.37389056373,-157210.7040537243,-16916.671921810143,-8058.206207538392,187500.0,74939.72181555293,3206.8271287473594,18496.00148153323
3669,47189.025245788725,47000.01889467465,-2285.9129054442533,-908.3301911747684,46997.403740573376,25621.87172435185,27495.01496493995,33085.32036367898,-156688.1873235926,-157204.87024842147,-16931.267610939456,-8054.071134814159,187500.0,74942.71694930995,3211.6551055497057,18477.69540282433
3670,47191.52864116772,47003.416359831856,-2284.437690310203,-904.440987639545,47010.16658665736,25632.73467215713,27493.316232361347,33129.82268688949,-156713.51185006046,-157215.5096787822,-16929.859451038774,-8060.083754072637,187500.0,74942.38167314311,3198.9146112101807,18494.079231510077
3671,47194.54612666919,47002.5446417981,-2286.9410856891973,-903.0775312277711,46997.51549929565,25626.811459876477,27464.19190933608,33103.17940749877,-156695.36223356274,-157207.66421647838,-16928.96538126056,-8049.980765578839,187500.0,74954.38455991562,3217.690076552639,18493.31927219859
3672,47190.90279232297,46997.314333595554,-2281.330797830916,-902.7869585498522,47009.94306921281,25629.605427933388,27495.8419794848,33095.19983472822,-156715.54585880588,-157218.23659160573,-16928.227773693536,-8057.066268571171,187500.0,74944.70625456647,3195.9641809420805,18493.654548365423
3673,47192.66858013494,47000.35417084148,-2277.665111740245,-891.1864031775478,47003.57282204305,25633.561686701974,27489.24821487048,33094.28341320556,-156694.26699808444,-157208.42417578987,-16935.223869708047,-8044.102256787093,187500.0,74952.70817908147,3223.2109574331,18501.500010669235
3674,47198.30121973768,47002.365827842455,-2265.5504662454687,-892.9074875006065,47007.55143255609,25635.26041928058,27483.213243867547,33093.05406726051,-156706.91808544614,-157212.78276595866,-16918.840041022308,-8040.838902096618,187500.0,74949.51187962436,3203.429663590153,18506.95383631633
3675,47196.04369354769,46998.20840337377,-2273.5523907604684,-901.2893916713468,46997.56020278457,25627.79493663251,27470.182176850103,33083.912203778294,-156681.30298630035,-157201.22691407526,-16926.149061459193,-8027.964297290361,187500.0,74960.4865861519,3226.295498167932,18503.84694383704
3676,47196.04369354769,46997.8954789514,-2275.206419850161,-904.5303946173664,47000.60004003049,25628.68900641072,27465.24244132548,33097.45736091821,-156685.2368933245,-157203.32797805406,-16928.451291138088,-8026.578489134132,187500.0,74955.90447853858,3200.032198432946,18499.33189145707
3677,47188.6899696219,46999.66126676337,-2274.4464605386806,-902.697551572031,46997.42609231784,25619.435384206223,27455.228859809504,33084.38159041185,-156658.01246857792,-157191.3027395371,-16931.06644523936,-8016.877832040529,187500.0,74951.27766743633,3213.7338177840493,18490.748821586232
3678,47186.74536785429,46993.31337133806,-2283.7447862320887,-915.2368802114582,46988.59715325799,25605.912578810763,27448.791557406374,33069.11534894888,-156667.26609078242,-157196.62245471746,-16934.575669118844,-8021.862271054062,187500.0,74944.57214409973,3182.396672057709,18483.28333893816
3679,47184.17491724192,46989.71474048076,-2284.057710654463,-932.8724065866955,46990.72056898124,25598.62591011833,27467.969354149027,33056.53131682054,-156669.56832046132,-157202.9032949094,-16944.097512256805,-8028.165462990459,187500.0,74944.68390282201,3191.1138523952786,18469.73818179824
3680,47190.65692313396,46995.28032485012,-2276.502821028569,-908.151377219126,46992.374598070935,25621.58115167393,27471.21035709505,33079.35244790941,-156679.5371984884,-157203.5514954986,-16938.554279631888,-8026.489082156311,187500.0,74943.87924002162,3185.078881392346,18479.70705982531
3681,47187.50532716577,46994.56506902756,-2265.483411012103,-906.98908650745,47000.82355747504,25616.216733004658,27485.873101457728,33085.27566019007,-156676.92204438712,-157203.8420681765,-16927.959552760072,-8025.952640289383,187500.0,74943.9909987439,3206.5142043249853,18489.698289596832
3682,47186.70066436537,46994.36390332746,-2272.948893660175,-906.184423707059,47001.47175806425,25617.11080278287,27499.261796386458,33100.273680719576,-156677.21261706503,-157200.82458267506,-16929.5465266164,-8023.315134443657,187500.0,74947.92490576803,3204.144919412722,18495.24152222175
3683,47182.610295130056,46994.83328996102,-2276.2569518395608,-906.698513829531,47004.57865054353,25628.21961977716,27486.186025880103,33126.916960110306,-156675.2233118085,-157203.12681235396,-16931.424073150643,-8024.455073410878,187500.0,74948.19312670149,3216.997172474524,18501.835286836063
3684,47186.14187075399,47003.21519413176,-2284.9070769437644,-900.2388596819472,46986.58549625701,25633.60639019089,27459.18511857809,33118.19977977274,-156669.05423033886,-157197.4494692623,-16934.955648774583,-8018.621268108042,187500.0,74959.5925163737,3208.9952479595245,18502.841115336552
3685,47187.19240274339,47000.35417084148,-2286.918733944742,-903.636324839154,46998.00723767367,25632.824079134956,27474.31724957433,33102.93353830976,-156668.5848437053,-157199.37171928547,-16924.562087602866,-8017.324866929635,187500.0,74961.40300767458,3210.470463093575,18507.825554350085
3686,47196.87070809254,47005.02568543264,-2286.5834577779124,-902.764606805397,46992.86633644896,25626.65499766529,27472.21618559553,33087.53318638005,-156663.48864596948,-157197.13654483994,-16928.518346371453,-8011.960448260361,187500.0,74961.55946988577,3206.201279902611,18496.38146118897
3687,47192.601524901576,47001.0470749196,-2284.8176699659434,-905.4468161400338,46997.761368484666,25614.339186470414,27447.182231805597,33079.151282209314,-156670.50709372843,-157202.72448095377,-16921.052863723384,-8018.040122752205,187500.0,74961.5371181413,3203.921401968169,18497.342586200542
3688,47190.25459173377,46995.43678706131,-2287.410472322759,-911.5488423763328,46992.39694981539,25607.343090455903,27458.20164182206,33041.10861314638,-156650.1670062741,-157195.25899830568,-16927.758387059974,-8010.686398826409,187500.0,74962.07356000824,3203.630829290251,18479.84117029204
3689,47191.4392341899,46992.88868819341,-2280.6602454972563,-905.9162027735952,47016.2462611492,25618.384852216823,27484.979031679515,33114.42233495979,-156629.82691881977,-157190.56513197007,-16935.626201108244,-8001.455128366367,187500.0,74961.15713848558,3216.4830823520524,18485.67497559488
3690,47188.91348706645,46992.75457772667,-2283.11893738734,-910.0512754978272,47002.075255164535,25618.42955570573,27469.91395591664,33132.32608226849,-156568.04669714533,-157162.2007682563,-16933.279267940434,-7970.296796595669,187500.0,74971.37188570165,3240.555911130418,18497.96843504529
3691,47173.04374850318,46985.06557763405,-2290.3161991019488,-915.3486389337348,47015.28513613762,25616.864933593864,27491.796313738385,33101.033640031055,-156550.83585391473,-157155.2493757307,-16941.147081988704,-7962.652499991954,187500.0,74968.01912403335,3226.3178499123874,18496.068536766597
3692,47195.21667900285,46997.20257487328,-2286.4493473111806,-904.0386562393496,47003.3940080874,25629.538372700023,27466.11415935924,33091.91412829329,-156501.28203645733,-157132.89763127538,-16946.3997419357,-7940.278403792192,187500.0,74972.89180432461,3240.488855897052,18490.927635541877
3693,47186.72301610983,46991.189955614806,-2281.911943186753,-905.245650439936,47019.3978571174,25635.81921289196,27481.805083966865,33114.02000355959,-156474.12466694412,-157116.78202352312,-16939.090721498815,-7926.241508274259,187500.0,74981.13959802862,3229.916480769692,18497.52140015619
3694,47189.9863708003,46994.028627160624,-2278.7379954740995,-904.7762638063746,47013.07231343655,25639.820175149463,27486.878929958217,33127.22988453268,-156421.79923317424,-157092.41862206682,-16941.236488966526,-7900.1570224949155,187500.0,74994.57299644625,3247.529655400473,18507.155002016425
3695,47186.65596087647,46992.46400504876,-2271.965416904142,-909.5818888642656,47023.1976536748,25637.09326232592,27490.47756081552,33107.1133145229,-156407.24824753383,-157087.05420339754,-16940.990619777516,-7890.635179356955,187500.0,74994.1036098127,3229.5365011139515,18503.064632781105
3696,47189.9416673114,46989.91590618085,-2294.920658459742,-919.3943046801454,47000.60004003049,25625.246837764604,27457.598144721767,33061.58281106744,-156367.32803193666,-157071.05035436756,-16944.388084934722,-7876.039490227639,187500.0,74984.35824923018,3231.8834342817586,18491.82170532009
3697,47193.562649913154,47002.5446417981,-2295.479452071125,-906.8326242962628,46995.101510894485,25636.69093092572,27447.27163878341,33101.324212708976,-156387.04227054626,-157078.582892249,-16936.408512164176,-7888.824688056075,187500.0,74971.3942374461,3184.430680803142,18488.357184929515
3698,47200.2905249942,47005.91975521085,-2286.5164025445465,-907.5478801188326,47005.00333368818,25639.93193387174,27464.30366805836,33121.48548620767,-156367.3056801922,-157068.88223515538,-16932.295791184402,-7885.203705454315,187500.0,74976.6468973931,3203.876698479259,18507.244408994247
3699,47198.03299880421,47001.2929441086,-2282.291922842493,-910.788883064852,47015.35219137099,25634.388701246826,27477.982935665004,33111.04722154704,-156347.3008689047,-157061.59556646296,-16928.607753349275,-7879.012272240195,187500.0,74974.41172294757,3208.4141026036864,18502.17056300289
3700,47190.92514406743,46988.82067070254,-2282.8507164538764,-913.6275546106762,47024.98579323123,25630.25362852259,27477.62530775372,33117.50687569462,-156270.61203367854,-157031.33130447046,-16946.511500657976,-7850.290280615125,187500.0,74980.40199046159,3248.4013734342307,18500.114202513007
3701,47191.32747546762,46987.83719394651,-2276.949855917675,-914.1639964776036,47034.26176718018,25628.957227344185,27467.52231925992,33130.76146015662,-156203.48974507925,-157002.67636807877,-16932.92164002915,-7818.55080348859,187500.0,74983.91121434107,3245.07096351039,18495.86737106649
3702,47181.38094918501,46982.07044387704,-2283.342454831893,-921.1600924921148,47031.22192993426,25622.855201107886,27493.15977015016,33133.39896600234,-156121.3023807171,-156969.59578628492,-16945.5503756464,-7785.537276928101,187500.0,74991.33199350024,3266.3498242318424,18497.72256585629
3703,47192.0427312902,46990.36294106996,-2276.7263384731223,-915.3486389337348,47025.61164207598,25620.5976749179,27486.5883572803,33116.635157660865,-156079.97400521924,-156950.3509343089,-16945.5503756464,-7769.332262198003,187500.0,74992.20371153399,3237.0913907398453,18493.5651413876
3704,47183.81728933064,46989.06653989155,-2285.6893879997,-922.4788454149776,47015.75452277119,25614.45094519269,27461.28618255689,33099.64783187483,-156046.51344376965,-156936.47050100216,-16941.92939304464,-7760.01158476014,187500.0,74985.36407773067,3231.749323815027,18489.02773726317
3705,47189.27111497773,46999.32599059653,-2279.0956233853844,-909.6489440976316,47020.60485131799,25630.052462822496,27496.02079344044,33117.90920709482,-156028.90026913886,-156922.05362582847,-16940.141253488215,-7752.076715478506,187500.0,74988.89565335462,3207.676495036661,18495.08506001056
3706,47184.33137945311,46991.3911213149,-2279.3191408299376,-916.220356967492,47025.16460718687,25628.174916288248,27489.158807892654,33107.806218601014,-155995.819687345,-156906.92149483223,-16938.5989831208,-7748.6568985768445,187500.0,74987.44278996502,3221.266355665488,18497.454344922822
3707,47185.65013237597,46990.58645851451,-2288.1257281453286,-921.4506651700336,47009.87601397944,25628.532544199534,27469.064589627334,33083.420465400275,-155969.24346318765,-156890.35885219084,-16940.767102332964,-7741.213767673227,187500.0,74988.69448765452,3208.883489237248,18492.291091953648
3708,47184.91252480895,46992.17343237084,-2290.226792124128,-918.1873104795588,47006.25503137768,25624.330416241937,27457.464034255037,33076.714942063685,-155952.97139322417,-156883.04983175395,-16946.6009076358,-7741.414933373325,187500.0,74982.52540618484,3198.0205414319685,18482.47867613777
3709,47192.4897661793,46997.046112662094,-2300.039207940007,-914.4322174110672,46996.219098117246,25623.25753250808,27462.22495582401,33077.966639753184,-155939.91797446227,-156872.4774566266,-16939.895384299205,-7739.984421728185,187500.0,74984.49235969692,3186.9564279265915,18487.79839131813
3710,47179.52575439522,46990.47469979224,-2302.542603319002,-920.601298880732,47003.52811855413,25619.949474328696,27457.128758088205,33069.49532860462,-155941.68376227425,-156873.01389849352,-16941.571765133354,-7749.282747421593,187500.0,74974.65759213657,3180.161497612178,18484.356222672013
3711,47178.45287066136,46988.21717360225,-2312.690295301711,-920.6907058585532,46994.341551583,25622.60933191888,27445.81877539382,33072.42340712826,-155930.2173173687,-156862.55328208843,-16958.201463008103,-7749.7744857996095,187500.0,74970.67898162354,3173.880657420237,18479.930577269864
3712,47179.99514102878,46987.323103824034,-2303.369617863848,-923.439970426556,47009.65249653489,25629.225448277648,27483.615575267744,33101.36891619789,-155933.57007903696,-156861.4803983546,-16950.601869893297,-7756.882340536397,187500.0,74971.28247872382,3173.299512064399,18498.46017342331
3713,47181.58211488511,46992.41930155984,-2306.4541585986804,-919.2601942134136,47002.38817958691,25632.086471567927,27496.333717862814,33090.50596839261,-155924.6517329993,-156850.32687787138,-16943.426959923145,-7757.307023681048,187500.0,74966.40979843256,3184.050701147401,18501.18708624686
3714,47187.81825158814,46992.4416533043,-2299.145138161795,-918.2543657129248,47011.68650528032,25633.248762279603,27481.29099384439,33094.663392861294,-155949.17159666677,-156855.44542735166,-16948.03141928094,-7773.646148877878,187500.0,74956.77619657233,3172.5395527529186,18499.980092046277
3715,47194.43436794691,47002.05290342008,-2298.8098619949656,-905.8491475402292,47007.68554302282,25633.85225937989,27471.053894883866,33090.79654107053,-155944.79065475354,-156847.15293015874,-16938.330762187335,-7776.641282634889,187500.0,74964.30873445378,3180.206201101089,18496.09088851105
3716,47194.70258888038,46996.2414498617,-2296.6864462717112,-906.6091068517096,47017.22973790523,25635.08160532494,27480.26281359945,33116.702212894226,-155972.1044864779,-156856.0265727075,-16928.808919049374,-7790.63347466391,187500.0,74955.45744364947,3172.8524771752927,18504.89747582644
3717,47185.180745742415,46989.67003699184,-2296.954667205175,-909.2019092085254,47007.55143255609,25632.332340756937,27470.40569429465,33107.02390754508,-155970.94219576626,-156852.8749767393,-16937.369637175758,-7793.896829354386,187500.0,74954.7421878269,3182.06139589088,18498.37076644549
3718,47172.14967872497,46983.52330726663,-2294.294809614993,-908.732522574964,47023.57763333054,25642.055349594997,27489.04704917038,33116.03166056057,-156001.49703043664,-156864.9225670007,-16941.102378499792,-7808.73838767271,187500.0,74942.60519058767,3158.5473607238964,18497.32023445609
3719,47186.991237043294,46991.30171433708,-2295.412396837759,-905.2009469510256,47016.93916522732,25647.464471753177,27487.25890961396,33126.134649054366,-155996.4231844453,-156857.83706400837,-16944.052808767894,-7806.860841138464,187500.0,74951.81410930326,3178.842744689315,18509.479583439777
3720,47179.07871950611,46981.44459503229,-2297.8710887278426,-913.5381476328548,47026.01397347617,25644.245820551616,27499.6417760422,33122.24544551915,-156028.40853076085,-156868.18592169118,-16940.565936632865,-7824.474015769246,187500.0,74951.43412964752,3163.4870962485197,18511.75946137422
3721,47180.17395498443,46989.647685247386,-2309.9410307337084,-914.5216243888884,47010.72538026874,25635.998026847607,27466.00240063696,33096.65269811782,-156024.8769551369,-156864.05084896696,-16949.573689648354,-7828.363219304469,187500.0,74954.49631863789,3176.719328966061,18500.33771995756
3722,47186.8347748321,46994.76623472765,-2305.515385331558,-906.9667347629946,47011.32887736904,25640.11074782738,27484.375534579223,33101.815951086995,-156052.81663570605,-156872.3209944154,-16942.91286980067,-7839.36027757648,187500.0,74946.60615284517,3156.558055467374,18503.131688014477
3723,47190.03107428922,46995.70500799477,-2305.7165510316554,-913.9404790330505,46988.172470113335,25634.25459078009,27451.29495278537,33102.8664830764,-156045.84289143598,-156866.64365132377,-16941.63882036672,-7837.974469420251,187500.0,74949.04249299079,3173.590084742318,18501.544714158143
3724,47191.260420234255,46998.85660396297,-2302.6767137857337,-910.0065720089164,46992.26283934866,25630.946532600705,27477.826473453817,33098.530244652065,-156072.41911559334,-156875.00320375004,-16938.5989831208,-7846.021097424162,187500.0,74943.92394351053,3151.0595263313685,18495.21917047729
3725,47188.55585915517,47000.0412464191,-2295.077120670929,-906.8326242962628,46988.843022447,25626.52088719856,27468.30463031586,33090.86359630389,-156079.6387290524,-156873.6173955938,-16934.10628248528,-7848.926824203351,187500.0,74949.24365869089,3163.308282292877,18497.78962108965
3726,47182.25266721877,46997.20257487328,-2290.606771779868,-905.2009469510256,46993.15690912687,25632.824079134956,27486.49895030248,33091.93648003775,-156118.5084126602,-156886.8272765669,-16936.54262263091,-7864.08130694405,187500.0,74939.3865393861,3133.1557790226675,18495.576798388574
3727,47181.58211488511,46988.01600790215,-2290.226792124128,-904.7762638063746,47012.78174075863,25645.16224207428,27513.611616326765,33144.88776265237,-156135.8980698464,-156890.71648010213,-16938.956611032085,-7871.122106447471,187500.0,74946.36028365616,3153.3394042658097,18510.75363287373
3728,47180.911562551446,46985.0879293785,-2303.414321352758,-911.5488423763328,47008.51255756767,25650.07962585445,27474.652525741163,33140.685634694775,-156160.32852653606,-156897.77963135,-16947.07029426936,-7877.045318728128,187500.0,74931.87635324911,3151.8641891317598,18508.294940983647
3729,47178.47522240582,46983.076272377526,-2306.7223795321443,-920.2883744583576,47010.09953142399,25646.101015341406,27475.09956063027,33124.45826822022,-156168.24104407325,-156899.14308776177,-16947.182052991637,-7882.208571697304,187500.0,74940.92880975352,3157.6756426901397,18502.125859513984
3730,47178.56462938364,46984.68559797831,-2311.304487145482,-917.0697232567936,47003.52811855413,25641.429500750244,27479.6369647547,33115.76343962711,-156192.7609077407,-156905.04394829797,-16950.244241982015,-7891.819821813086,187500.0,74940.05709171976,3136.910872091159,18500.33771995756
3731,47177.1341177385,46982.76334795515,-2310.9468592341973,-914.3204586887908,46997.739016740205,25636.82504139245,27454.15597607565,33097.85969231841,-156222.86870752202,-156917.80679438196,-16951.473587927056,-7906.616676642499,187500.0,74929.55177182576,3137.223796513533,18499.95774030182
3732,47193.45089119088,46998.72249349624,-2294.451271826181,-893.6003915787211,46984.50678402267,25642.480032739644,27472.01501989544,33103.492331921145,-156257.31274572763,-156927.2392305421,-16932.40754990668,-7916.85377560303,187500.0,74934.2903416503,3131.5241016774303,18504.18222000387
3733,47192.44506269039,46996.77789172863,-2292.149042147284,-896.1261387021708,46982.91981016634,25635.95332335869,27471.21035709505,33112.96947157019,-156300.63042648204,-156945.1876813397,-16924.15975620267,-7934.310488022625,187500.0,74928.09890843618,3143.817561127849,18509.32312122859
3734,47195.88723133651,47001.65057201989,-2298.5416410615017,-895.924973002073,46980.21524908725,25627.57141918796,27482.92267118963,33084.470997389675,-156341.48941534632,-156959.67161174674,-16922.97511374654,-7948.86147366303,187500.0,74931.40696661556,3152.9594246100696,18504.83042059308
3735,47187.08064402112,46989.44651954729,-2303.950763219686,-906.5196998738884,46979.924676409326,25615.72499462664,27457.799310421866,33077.38549439734,-156402.75554689832,-156989.62294931686,-16930.21707895006,-7978.097555410571,187500.0,74928.90357123656,3157.496828734497,18497.119068755997
3736,47183.70553060837,46988.55244976908,-2305.403626609281,-902.474034127478,46971.051033860575,25631.482974467635,27447.67397018361,33112.27656749208,-156444.5309572853,-157002.83283028996,-16939.06836975436,-7990.72629102782,187500.0,74920.74518451038,3166.3257677943434,18491.93346404236
3737,47176.57532412712,46984.4397287893,-2290.204440379672,-900.9541155045172,46987.90424917988,25644.670503696267,27473.691400729585,33166.77012047412,-156489.14503921807,-157018.7696240866,-16931.982866762028,-8005.970180746339,187500.0,74928.14361192509,3179.91562842317,18511.357129974025
3738,47179.2351817173,46985.0879293785,-2293.378388092326,-906.6091068517096,46989.60298175848,25631.21475353417,27489.091752659293,33134.44949799174,-156513.8884203301,-157030.0125515476,-16943.35990468978,-8017.30251518518,187500.0,74927.20483865796,3203.1390909122338,18507.51262992771
3739,47182.029149774215,46982.58453399951,-2293.512498559058,-911.2359179539584,47009.071351179045,25621.55879992948,27470.696266972576,33111.181332013766,-156548.46656900246,-157046.23991802215,-16939.716570343564,-8033.753399104286,187500.0,74926.44487934648,3204.7931200019266,18495.17446698838
3740,47188.44410043289,46985.55731601207,-2296.5746875494347,-905.3350574177572,47000.22006037475,25623.97278833065,27479.502854287966,33130.02385258959,-156545.203214312,-157042.32836274247,-16943.941050045618,-8028.053704268183,187500.0,74934.9385422395,3222.6074603328066,18495.19681873284
3741,47192.75798711276,46988.10541487997,-2287.4775275561246,-902.5187376163884,47012.848795992,25622.43051796324,27481.15688337766,33131.49906772364,-156560.6035662417,-157051.40317099134,-16939.02366626545,-8032.769922348252,187500.0,74938.3360073967,3226.206091190111,18500.9188653134
3742,47195.104920280566,46994.341551583,-2289.4891845571024,-897.6460573251317,47001.27059236415,25620.955302829185,27478.56408102084,33123.474791464185,-156534.2508595289,-157037.65684815132,-16938.57663137634,-8018.06247449666,187500.0,74940.81705103125,3251.0835827688675,18500.94121705785
3743,47201.02813256122,46997.91783069585,-2282.984826920608,-888.6383043096429,47007.260859878166,25626.230314520635,27463.744874446977,33108.34266046794,-156532.440368228,-157034.75112137213,-16940.610640121777,-8013.212145949858,187500.0,74951.30001918078,3240.6676698526944,18503.019929292197
3744,47208.58302218712,47005.62918253293,-2277.35218731787,-881.8210222507743,47007.48437732272,25633.67344542425,27470.696266972576,33104.9675470552,-156488.87681828465,-157016.13211824087,-16925.769081803453,-7989.876924738518,187500.0,74971.3942374461,3270.194324278155,18513.61465616401
3745,47207.91246985346,47003.32695285403,-2274.669977983234,-880.5693245612771,47009.94306921281,25637.629704192845,27480.709848488557,33130.69440492325,-156477.8350565237,-157010.9018100383,-16925.232639936523,-7981.740889756787,187500.0,74965.4933769099,3258.817286350404,18521.28130451218
3746,47215.04267633471,47006.99263894471,-2267.3162540574376,-883.9891414629391,47013.67581053684,25637.160317559283,27502.614558054756,33129.57681770049,-156438.40657930454,-156993.28863540757,-16927.713683571063,-7966.653462249454,187500.0,74971.48364442392,3276.564571447918,18523.695292913355
3747,47213.25453677828,47006.32208661105,-2260.1636958317395,-896.6625805690982,47018.32497338355,25635.059253580483,27476.57477576432,33122.33485249697,-156426.0237128763,-156985.24200740363,-16916.090776454304,-7960.976119157805,187500.0,74979.03853404982,3260.426611951186,18524.254086524736
3748,47212.33811525561,47005.40566508838,-2260.0072336205526,-904.9103742731064,47014.324011126046,25631.3488640009,27457.888717399685,33124.324157753486,-156389.4562589474,-156972.47916131964,-16918.147136944193,-7949.263805063225,187500.0,74973.27178398035,3262.4606206966187,18504.539847915155
3749,47196.155452269966,46989.82649920303,-2271.965416904142,-926.0998280167375,47018.347325128,25617.82605860544,27472.10442687326,33139.38923351637,-156377.2522064748,-156968.2993851065,-16924.38327364722,-7943.005316615739,187500.0,74965.0910455097,3241.092352997345,18501.87999032497
