,0,1,2,3,4,5,6,7,8,9,10,11,12,13,14,15
2750,74760.01379013226,62197.55109519376,23874.367639347038,32409.761239261778,55157.0198127055,41031.29846230727,44962.59033234004,28688.039325241964,15672.260901005377,18998.491048632983,57965.29298607028,41491.99026727561,-187500.02235174447,73338.33108405246,30281.294021760707,19291.92474984226
2751,74763.7465314563,62202.826106885215,23875.418171336438,32410.23062589534,55146.11216141131,41028.90682565056,44959.93047474986,28673.890671001755,15692.377471015154,19014.450194174075,57988.67291077053,41498.87460456784,-187500.02235174447,73346.89180217884,30279.50588220428,19288.23671200713
2752,74768.3509908141,62210.22453429992,23884.78355226321,32419.9536347334,55151.07424868039,41032.14782859657,44966.814812042096,28677.466950114605,15679.972252842455,19000.882685289704,57963.97423314741,41507.92706107224,-187500.02235174447,73343.44963353273,30282.456312472383,19288.52728468505
2753,74769.4015228035,62211.006845355856,23886.795209264183,32419.238378910828,55155.99163246055,41030.56085474024,44969.51937312119,28675.1200169468,15687.34832851271,19005.6883103476,57978.48051529891,41509.33522097293,-187500.02235174447,73362.53802329756,30285.54085320721,19292.416488220275
2754,74780.97972643134,62211.02919710031,23892.5396075892,32415.527989331247,55158.04799295044,41028.45979076145,44982.39397792744,28676.997563481043,15674.741944639916,18990.62323458472,57954.54179698727,41508.955241317184,-187500.02235174447,73350.17750861378,30289.340649764617,19293.1540957873
2755,74800.98453771885,62210.67156918903,23888.002203464774,32409.537721817225,55164.1723709312,41027.76688668333,44984.45033841734,28669.71089478861,15690.857552392192,19009.04107201589,57976.06652689774,41505.13309301533,-187500.02235174447,73359.81111047401,30292.78281841073,19286.62738640635
2756,74781.76203748728,62213.59964771267,23884.13535167401,32410.632957295533,55156.97510921659,41037.17697109902,44984.226820972784,28665.48641508656,15674.853703362192,18998.96043526655,57952.48543649739,41511.749209374095,-187500.02235174447,73343.09200562144,30290.637050943023,19279.83245609193
2757,74792.62498529255,62210.716272677935,23887.756334275764,32406.922567715952,55149.12964691278,41043.726032224426,44994.53097516668,28675.567051835904,15678.34057549722,19001.84381030128,57962.78959069128,41515.14667453131,-187500.02235174447,73346.04243588954,30293.9004056335,19278.75957235808
2758,74770.80968270417,62207.49762147637,23886.795209264183,32405.96144270437,55150.40369634673,41047.32466308173,45012.5241294532,28673.44363611265,15665.354211968686,18984.92353974861,57942.33774451468,41514.61023266437,-187500.02235174447,73346.57887775647,30299.73421093633,19277.08319152393
2759,74787.72995325684,62208.65991218805,23883.509502829256,32407.235492138327,55149.95666145762,41058.7911079873,45002.48819619277,28677.42224662569,15679.078183064245,18996.36763290973,57956.57580573271,41514.58788091992,-187500.02235174447,73356.54775578354,30296.292042290217,19267.2484239636
2760,74760.57258374365,62219.031121615306,23887.152837175472,32412.823428252155,55166.40754537673,41071.442195349,45006.15388228344,28684.91008101822,15675.993642329411,18993.90894101965,57943.12005557062,41522.32158450146,-187500.02235174447,73350.84806094744,30303.13167609354,19273.95394730019
2761,74779.77273223076,62212.16913606753,23880.24614813878,32405.648518282,55150.224882391085,41075.800785517786,45007.76320788422,28667.274554642983,15678.362927241677,18997.75344106596,57947.724514928406,41527.61894793736,-187500.02235174447,73356.19012787225,30301.209426070385,19270.15415074279
2762,74738.891391622,62216.39361576959,23887.97985172032,32412.42109685196,55160.707850540624,41082.68512281002,45005.19275727186,28674.225947168583,15676.552435940795,18995.630025342707,57943.81295964873,41528.24479678211,-187500.02235174447,73364.4155698318,30304.0033941273,19272.9481187997
2763,74753.93411564043,62210.02336859982,23889.5891773211,32410.09651542861,55150.9177864692,41076.47133785145,45007.76320788422,28671.364923878304,15669.198712015,18988.343356650275,57938.24737527936,41534.86091314089,-187500.02235174447,73361.33102909697,30307.691431962423,19277.440819435215
2764,74726.84380136059,62216.61713321414,23893.29956690068,32419.975986477853,55162.49599009705,41089.39064614662,45014.87106262101,28685.468874629605,15672.216197516464,18988.499818861463,57942.27068928132,41535.37500326336,-187500.02235174447,73362.76154074211,30311.82650468665,19282.44761019321
2765,74751.90010689499,62212.32559827872,23890.01386046575,32414.969195719863,55162.85361800833,41079.22060241945,45014.87106262101,28671.20846166712,15667.38822071412,18986.5328653494,57939.65553518004,41541.14175333283,-187500.02235174447,73361.64395351935,30319.090821634632,19280.726525870148
2766,74717.38901345599,62207.51997322083,23883.509502829256,32409.40361135049,55160.84196100736,41085.79201528931,45013.28408876468,28674.315354146405,15675.121924295656,18997.0828887323,57950.87611089661,41529.63060493834,-187500.02235174447,73365.28728786556,30315.38043205505,19269.461246664672
2767,74733.7951938862,62202.28966501828,23880.983755705805,32408.688355527924,55159.9702429736,41090.195308947004,45013.28408876468,28684.95478450713,15660.772104355348,18987.248121171968,57934.648744422055,41530.05528808299,-187500.02235174447,73376.23964264867,30321.974196669365,19278.33488921343
2768,74695.37254516751,62197.03700507129,23877.29571787068,32404.03919268122,55153.376478359285,41083.24391642141,45002.890527592965,28676.975211736582,15666.851778847193,18989.14801945067,57943.81295964873,41524.26618626907,-187500.02235174447,73362.69448550875,30310.12777210805,19267.67310710825
2769,74728.72134789484,62197.61815042712,23880.11203767205,32405.35794560408,55147.073286422885,41080.33818964221,44999.78363511368,28668.503900588024,15652.948993795992,18976.340469877778,57926.602116418144,41523.50622695759,-187500.02235174447,73349.0152179021,30302.14819933751,19262.28633669452
2770,74705.72140285032,62206.447089486974,23882.8389504956,32407.70487877189,55157.13157142777,41082.55101234329,45000.90122233644,28664.659400541717,15677.312395252276,18999.42982190011,57962.18609359099,41530.12234331636,-187500.02235174447,73370.31643036801,30301.83527491513,19263.314516939463
2771,74717.97015881183,62204.05545283025,23888.516293587243,32414.879788742044,55163.54652208645,41090.53058511383,45007.09265555056,28683.121941461795,15656.212348486466,18981.39196412468,57938.426189235,41535.17383756326,-187500.02235174447,73354.17847087127,30308.607853485093,19268.835397819927
2772,74699.46291440284,62199.316883005726,23880.62612779452,32409.18009390594,55145.30749861092,41083.914468755065,45003.91870783791,28681.57967109438,15667.276461991843,18989.013908983936,57959.36977378962,41523.97561359115,-187500.02235174447,73361.71100875271,30301.120019092563,19263.403923917285
2773,74711.86813257553,62202.26731327383,23891.53377908871,32417.60670156559,55156.21514990511,41085.523794355846,45005.72919913879,28676.48347335857,15650.736171094915,18973.188873909578,57939.52142471331,41527.909520615285,-187500.02235174447,73363.65561052032,30301.07531560365,19264.38740067332
2774,74704.24618771627,62202.22260978492,23890.52795058822,32419.596006822117,55152.54946381444,41096.67731483905,44997.28023973468,28683.59132809536,15668.036421303324,18987.248121171968,57966.45527678196,41533.43040149575,-187500.02235174447,73375.07735193698,30308.8537226741,19270.176502487244
2775,74712.85160933157,62205.2847987753,23892.00316572227,32422.07705045665,55152.68357428117,41088.6977420685,45012.45707421984,28676.34936289184,15651.898461806592,18974.485275087987,57948.50682598434,41532.02224159506,-187500.02235174447,73353.12793888187,30309.613681985586,19275.496217667605
2776,74717.36666171154,62202.15555455155,23886.34817437508,32417.539646332225,55152.68357428117,41087.960134501474,45010.08778930757,28685.71474381861,15669.466932948464,18992.72429856352,57979.106364143656,41536.93962537523,-187500.02235174447,73369.55647105652,30309.14429535202,19275.183293245234
2777,74710.61643488603,62198.22164752742,23890.997337221783,32417.69610854341,55152.99649870354,41088.6977420685,45013.70877190933,28676.617583825304,15651.205557728475,18971.981879708997,57954.45239000946,41534.07860208495,-187500.02235174447,73361.24162211915,30312.318243064678,19276.90437756829
2778,74715.46676343284,62194.578313181206,23882.72719177332,32407.86134098308,55158.00328946153,41086.23905017842,45008.29964975115,28686.854682785837,15666.494150935909,18984.655318815152,57982.59323627869,41531.77637240605,-187500.02235174447,73370.58465130147,30310.843027930623,19276.9490810572
2779,74697.89829229096,62181.86017058614,23875.73109575881,32400.641727524013,55149.6660887797,41077.20894541848,44996.16265251191,28674.695333802145,15649.439769916507,18971.71365877553,57964.51067501434,41524.51205545808,-187500.02235174447,73352.8150144595,30300.069487103166,19264.52151114005
2780,74710.66113837494,62179.44618218496,23871.171339889926,32399.390029834514,55157.6680132947,41085.70260831149,45007.31617299512,28675.544700091446,15651.250261217388,18978.46388560103,57984.89546595758,41518.477084455146,-187500.02235174447,73365.44375007675,30295.37562076755,19262.15222622779
2781,74698.25592020225,62185.324690976704,23871.327802101117,32404.799151992695,55145.91099571121,41083.60154433269,44995.402693200434,28675.43294136917,15643.04717100229,18972.4289145981,57980.11219264415,41521.91925310126,-187500.02235174447,73358.13472963986,30293.27455678875,19268.72363909765
2782,74716.33848146659,62188.49863868936,23874.25588062476,32409.15774216149,55151.29776612494,41074.7949570173,44999.71657988031,28669.934412233164,15654.0442292743,18987.5833973388,58004.67675980053,41528.468314226666,-187500.02235174447,73363.72266575368,30293.788646911224,19268.701287353197
2783,74690.633975343,62194.131278292094,23881.564901061643,32415.32682363115,55151.52128356949,41083.646247821605,45003.2705072487,28686.139426963266,15649.260955960866,18985.303519404355,57999.178230664525,41533.43040149575,-187500.02235174447,73367.16483439981,30301.85762665959,19280.43595319223
2784,74709.16357149644,62186.28581598828,23879.97792720532,32408.710707272377,55145.8662922223,41074.07970119473,44992.273448976695,28678.45042687064,15642.66719134655,18983.582435081295,58001.32399813223,41525.69669791421,-187500.02235174447,73377.22311940469,30298.147237080007,19276.032659534536
2785,74681.58151883859,62190.15266777905,23881.766066761746,32417.338480632126,55157.19862666114,41065.36252085716,44981.45520466033,28667.766293021,15636.721627321438,18979.156789679146,58001.32399813223,41522.81332287948,-187500.02235174447,73364.01323843161,30301.745867937312,19281.91116832628
2786,74708.58242614061,62187.06812704422,23880.31320337215,32409.15774216149,55158.763248773015,41053.65020676258,44961.025710228176,28648.499089300527,15640.56612736775,18979.112086190235,58014.33271340522,41524.333241502434,-187500.02235174447,73364.46027332071,30296.94024287942,19272.18815948822
2787,74679.45810311534,62191.67258640201,23892.42784886692,32415.32682363115,55178.76806006051,41075.06317795076,45005.93036483889,28684.77597055149,15643.784778569316,18978.396830367667,58019.09363497421,41525.38377349184,-187500.02235174447,73369.17649140078,30311.088897119636,19281.710002626183
2788,74703.68739410488,62188.11865903362,23895.802962279675,32412.957538718885,55164.26177790901,41061.62977953313,44997.23553624577,28657.99858069403,15636.43105464352,18972.60772855374,58014.8468035277,41526.92604385925,-187500.02235174447,73368.28242162257,30316.207446599896,19283.87812183835
2789,74669.75744602173,62185.81642935472,23885.63291855251,32404.26271012577,55153.97997545957,41064.8931342236,44986.99843728524,28681.222043183094,15642.354266924176,18978.218016412025,58023.65339084309,41521.22634902315,-187500.02235174447,73365.8684332214,30305.03157437224,19277.66433687977
2790,74705.45318191686,62191.02438581281,23888.58334882061,32405.380297348536,55160.238463907066,41071.01751220435,44992.56402165461,28689.80511305393,15630.552545851771,18970.305498874844,58014.91385876106,41521.71808740117,-187500.02235174447,73361.64395351935,30303.37754528255,19276.79261884601
2791,74680.50863510474,62187.06812704422,23886.86226449755,32401.669907768955,55154.404658604224,41063.88730572311,44982.43868141636,28678.53983384846,15641.639011101606,18980.81081876884,58031.65531535808,41522.031011823536,-187500.02235174447,73368.03655243356,30303.310490049185,19272.031697277034
2792,74704.42500167192,62188.632749156095,23892.40549712247,32406.25201538229,55159.09852493984,41065.02724469033,44983.869193061495,28671.856662256323,15633.748845308884,18974.70879253254,58019.920649519045,41523.21565427967,-187500.02235174447,73367.45540707772,30304.070449360664,19271.67406936575
2793,74679.39104788197,62192.477249202406,23893.47838085632,32413.806905008187,55154.24819639304,41073.23033490543,44972.87213478948,28685.826502540887,15647.361057682165,18987.069307216323,58043.25587073039,41527.551892704,-187500.02235174447,73373.80330250303,30305.947995894912,19279.34071771392
2794,74702.50275164876,62192.96898758042,23894.797133779182,32411.9517102184,55166.809876776926,41066.27894237983,44992.54166991016,28673.108359945814,15636.52046162134,18974.351164621254,58030.850652557696,41526.83663688143,-187500.02235174447,73354.53609878256,30305.076277861157,19280.838284592424
2795,74676.7758937807,62188.409231711536,23890.52795058822,32407.771934005254,55161.44545810765,41061.65213127758,44987.914858807904,28670.15792967772,15649.70799084997,18985.147057193168,58054.96818482497,41523.26035776858,-187500.02235174447,73367.61186928891,30304.897463905512,19277.70904036868
2796,74691.03630674319,62188.49863868936,23894.37245063453,32411.10234392909,55154.35995511532,41066.39070110211,44983.42215817239,28669.934412233164,15632.184223197011,18969.32202211881,58034.62809737064,41517.73947688812,-187500.02235174447,73357.2630116061,30298.9518998804,19273.059877521977
2797,74678.8769577595,62189.63857765658,23897.97108149184,32410.16357066197,55154.80699000442,41064.11082316766,44982.14810873844,28676.259955914014,15648.85862456067,18987.04695547187,58064.601786685205,41518.99117457762,-187500.02235174447,73370.13761641236,30302.438772015423,19274.356278700387
2798,74684.59900434005,62184.96706306542,23897.479343113824,32405.71557351537,55152.59416730335,41059.93104695452,44967.6641783314,28663.81003425241,15634.665266831553,18973.6806122876,58046.563928909774,41519.32645074445,-187500.02235174447,73360.01227617411,30301.678812703947,19267.918976297256
2799,74674.13838793497,62191.51612419083,23901.36854664905,32405.737925259826,55165.960510487625,41065.250762134885,44995.51445192271,28678.45042687064,15650.602060628184,18988.924502006117,58073.87776063416,41517.09127629892,-187500.02235174447,73370.07056117899,30302.304661548696,19268.991860031118
2800,74680.46393161583,62187.96219682243,23898.865151270053,32401.96048044688,55163.61357731981,41054.49957305188,44998.129606023984,28675.209423924614,15631.871298774637,18973.52415007641,58049.8049318558,41517.8959390993,-187500.02235174447,73356.95008718372,30309.166647096477,19265.594394873904
2801,74686.49890261875,62187.55986542224,23898.708689058865,32403.03336418073,55163.792391275456,41057.65116902008,44987.95956229682,28682.87607227279,15646.176415226031,18989.95268225106,58079.82332465927,41518.92411934425,-187500.02235174447,73363.5662035425,30308.27257731826,19267.33783094142
2802,74681.58151883859,62187.00107181085,23894.39480237899,32402.295756613705,55160.48433309607,41059.68517776551,44982.59514362754,28681.37850539428,15625.14342369359,18968.51735931842,58055.25875750289,41516.48777919862,-187500.02235174447,73354.80431971602,30308.451391273906,19269.327136197942
2803,74699.2841004472,62190.10796429014,23897.52404660273,32405.112076415076,55160.3725743738,41054.87955270762,44975.80021331313,28673.55539483493,15639.96263026746,18981.168446680123,58083.489010749945,41517.58301467694,-187500.02235174447,73366.67309602178,30305.366850539074,19266.68963035221
2804,74682.83321652809,62191.80669686875,23903.06727922765,32408.84481773911,55160.52903658498,41054.94660794099,44983.64567561694,28678.785703037465,15631.401912141077,18973.367687865222,58071.664937933085,41523.05919206848,-187500.02235174447,73361.10751165242,30308.0043563848,19276.300880468
2805,74697.94299577987,62187.87278984461,23900.36271814856,32404.352117103597,55158.20445516163,41052.26439860635,44976.15784122441,28661.932487718164,15638.95680176697,18980.54259783537,58087.84760091873,41519.41585772227,-187500.02235174447,73365.89078496586,30305.746830194814,19271.65171762129
2806,74673.87016700151,62187.3810514666,23894.26069191226,32409.96240496188,55153.77880975948,41055.86302946365,44966.47953587527,28671.923717489688,15636.967496510446,18976.273414644413,58083.08667934975,41522.031011823536,-187500.02235174447,73356.74892148364,30301.432943514938,19272.85871182188
2807,74701.69808884837,62190.15266777905,23896.45116286888,32411.728192773844,55161.44545810765,41052.86789570664,44965.69722481933,28670.47085410009,15645.349400681189,18986.04112697138,58105.17020287159,41523.79679963551,-187500.02235174447,73371.45636933522,30298.929548135944,19274.57979614494
2808,74676.28415540268,62190.30912999024,23900.49682861529,32410.45414333989,55161.91484474121,41045.67063399204,44966.16661145289,28661.57485980688,15639.247374444887,18980.408487368644,58099.76108071341,41522.41099147928,-187500.02235174447,73358.87233720689,30303.73517319384,19275.56327290097
2809,74704.15678073846,62184.81060085423,23892.87488375603,32403.860378725574,55156.72924002758,41039.50155252237,44961.13746895045,28660.278458628472,15636.319295921245,18978.41918211212,58105.840755205245,41514.61023266437,-187500.02235174447,73365.80137798803,30296.62731845705,19266.644926863304
2810,74674.89834724646,62184.69884213196,23892.606662822567,32398.630070523035,55149.10729516832,41033.95831989746,44962.05389047312,28655.80810973741,15636.363999410154,18975.267586143924,58108.52296453989,41508.28468898353,-187500.02235174447,73359.22996511817,30297.409629512986,19261.414618660765
2811,74717.4337169449,62191.49377244637,23901.88263677152,32408.241320638816,55145.93334745566,41048.8892851936,44968.33473066506,28679.635069326767,15641.1919762125,18982.598958325263,58118.35773210022,41513.51499718607,-187500.02235174447,73354.80431971602,30295.353269023093,19266.86844430786
2812,74690.9245480209,62192.186676524485,23900.765049548758,32409.78359100623,55152.19183590316,41048.621064260136,44965.18313469686,28674.33770589086,15648.81392107176,18990.399717140164,58129.64536305015,41517.4489042102,-187500.02235174447,73368.6176977894,30292.983984110837,19272.34462169941
2813,74726.35206298257,62185.70467063245,23900.25095942628,32404.575634548142,55156.12574292729,41039.05451763327,44964.69139631884,28665.24054589755,15637.57099361074,18982.062516458336,58122.93983971356,41516.53248268754,-187500.02235174447,73360.6157732744,30289.51946372026,19268.58952863092
2814,74698.92647253591,62186.39757471056,23895.758258790764,32395.7466954883,55152.92944347018,41041.334395567705,44967.6641783314,28665.48641508656,15641.1919762125,18982.867179258727,58128.59483106075,41507.9494128167,-187500.02235174447,73359.74405524065,30284.04328632871,19261.258156449578
2815,74733.25875201926,62188.65510090055,23898.909854758964,32400.485265312826,55155.43283884917,41041.64731999008,44968.0665097316,28672.01312446751,15630.060807473756,18976.80985651134,58117.77658674438,41510.63162215133,-187500.02235174447,73360.01227617411,30292.626356199547,19266.175540229742
2816,74705.54258889468,62180.80963859674,23892.293738400196,32397.981869933832,55155.03050744897,41042.63079674611,44964.5125823632,28671.16375817821,15639.582650611716,18985.080001959803,58134.62980206368,41508.93288957273,-187500.02235174447,73363.49914830913,30294.168626566963,19272.299918210498
2817,74736.36564449855,62179.28971997377,23897.52404660273,32396.976041433343,55162.741859286056,41028.83977041719,44960.26575091669,28648.744958489533,15623.824670770726,18970.774885508406,58112.88155470867,41505.35661045988,-187500.02235174447,73357.79945347302,30294.70506843389,19267.18136873023
2818,74719.46772569034,62177.59098739517,23896.987604735805,32396.864282711063,55155.16461791571,41041.02147114533,44972.536858622654,28692.844950299856,15640.253202945378,18982.46484785853,58136.95438348704,41497.86877606735,-187500.02235174447,73365.98019194367,30289.54181546472,19271.91993855476
2819,74736.00801658726,62182.66483338652,23903.82723853913,32403.77097174776,55165.312309898414,41035.41118328705,44968.53589636516,28677.981040237075,15631.893650519092,18976.072248944314,58125.19736590354,41500.52863365754,-187500.02235174447,73363.40974133131,30292.022859099256,19280.458304936685
2820,74718.7301181233,62181.39078395257,23897.054659969173,32405.335593859625,55152.750629514536,41033.287767563794,44968.98293125426,28665.79933950893,15640.253202945378,18982.867179258727,58143.21287193452,41504.01550579256,-187500.02235174447,73377.08900893797,30289.094780575608,19281.01709854807
2821,74739.2937230222,62180.42965894099,23899.513351859256,32404.620338037057,55156.01398420501,41029.62208147313,44962.79149804014,28667.498072087536,15628.3397231507,18970.059629685835,58124.77268275889,41510.6986773847,-187500.02235174447,73358.87233720689,30288.357173008582,19280.659470636783
2822,74733.28110376371,62176.65221412805,23891.243206410792,32398.6971257564,55153.801161503936,41029.33150879521,44956.15302993692,28654.690522514647,15641.81782505725,18981.481371102494,58149.40430514864,41504.283726726026,-187500.02235174447,73365.37669484338,30280.8469868716,19275.116238011866
2823,74741.26067653426,62176.78632459478,23893.165456433948,32396.774875733245,55149.62138529079,41020.927252880014,44960.82454452808,28656.21044113761,15627.2891911613,18974.46292334353,58134.026304963394,41499.90278481279,-187500.02235174447,73360.23579361866,30278.008315325776,19274.42333393375
2824,74748.45793824887,62176.0263652833,23890.30443314367,32393.8467972096,55154.69523128215,41034.69592746448,44972.536858622654,28680.238566427062,15645.125883236631,18991.56200785184,58161.00486052095,41495.27597371054,-187500.02235174447,73370.69641002374,30279.058847315177,19271.495255410107
2825,74745.32869402513,62176.07106877221,23889.857398254564,32394.15972163197,55151.20835914712,41035.07590712022,44978.97416102578,28690.989755510065,15630.731359807416,18976.76515302243,58137.714342798514,41497.13116850032,-187500.02235174447,73372.50690132462,30285.63026018504,19282.402906704297
2826,74755.47638600784,62175.80284783874,23885.945842974885,32393.466817553857,55149.77784750198,41039.94858741148,44967.30655042012,28676.416418125205,15641.460197145963,18988.410411883644,58160.53547388739,41497.33233420042,-187500.02235174447,73372.90923272482,30280.601117682592,19281.75470611509
2827,74742.87000213504,62178.75327810685,23889.23154940981,32395.880805955032,55160.01494646251,41031.343165796185,44967.30655042012,28670.023819210983,15627.0880254612,18974.79819951036,58137.78139803188,41496.75118884459,-187500.02235174447,73358.3135435955,30281.472835716348,19279.787752603024
2828,74762.60659248909,62186.50933343284,23894.19363667889,32400.239396123816,55158.405620861726,41035.90292166507,44963.97614049628,28660.211403395107,15639.068560489246,18986.77873453841,58155.46162789603,41506.384790704826,-187500.02235174447,73374.02681994758,30280.08702756012,19279.787752603024
2829,74746.62509520353,62185.70467063245,23897.09936345808,32397.75835248928,55156.52807432748,41031.343165796185,44970.50284987722,28669.755598277523,15632.05011273028,18978.41918211212,58141.33532540028,41506.63065989383,-187500.02235174447,73367.90244196683,30284.736190406824,19282.29114798202
2830,74773.06720889416,62184.96706306542,23902.10615421607,32402.631032780533,55164.28412965348,41028.52684599481,44970.70401557732,28677.891633259256,15644.723551836438,18991.025565984917,58160.58017737629,41508.32939247244,-187500.02235174447,73376.8207880045,30292.536949221725,19284.705136383192
2831,74750.13431908302,62184.65413864305,23903.46961062785,32406.52023631576,55159.61261506232,41038.629834488616,44970.592256855045,28686.027668240986,15635.693447076494,18982.397792625165,58144.91160451312,41503.97080230365,-187500.02235174447,73363.78972098706,30293.63218470004,19285.57685441695
2832,74778.00694441878,62188.00690031135,23899.982738492818,32409.94005321742,55161.53486508547,41040.6861949785,44970.32403592158,28679.478607115583,15646.0423047593,18991.60671134075,58157.54034013037,41508.99994480609,-187500.02235174447,73383.70512529674,30296.269690545763,19295.255159766097
2833,74743.09351957959,62192.477249202406,23897.144066946992,32403.636861281026,55159.590263317856,41031.25375881836,44958.27644566017,28663.117130174294,15637.928621522024,18977.99449896747,58144.21870043501,41514.4984739421,-187500.02235174447,73375.09970368144,30297.23081555734,19296.14922954431
2834,74781.11383689808,62197.70755740495,23907.11294497406,32411.772896262755,55169.84971402284,41036.998157143375,44978.86240230351,28677.42224662569,15639.739112822905,18976.072248944314,58142.69878181205,41519.28174725554,-187500.02235174447,73372.08221817997,30295.91206263448,19296.283340011043
2835,74743.94288586889,62190.867923601625,23901.32384316013,32402.40751533598,55159.18793191767,41036.57347399872,44981.65637036042,28685.223005440595,15641.460197145963,18975.73697277748,58136.41794162011,41514.18554951972,-187500.02235174447,73364.99671518763,30295.71089693438,19299.569046445973
2836,74771.99432516031,62191.02438581281,23894.573616334637,32398.94299494541,55149.64373703525,41026.62694771611,44963.23853292925,28671.54373783395,15629.14438595109,18966.572757550806,58123.76685425841,41510.139883773314,-187500.02235174447,73359.78875872956,30284.71383866237,19292.84117136493
2837,74740.00897884477,62196.45585971545,23898.14989544748,32404.70974501488,55152.14713241424,41029.376212284114,44963.70791956281,28667.18514766516,15638.062731988755,18971.46778958652,58134.9203747416,41510.92219482925,-187500.02235174447,73358.89468895135,30278.63416417053,19289.62252016336
2838,74777.24698510731,62202.51318246284,23904.386032150516,32412.26463464077,55167.63689132177,41033.511285008346,44977.58835286956,28665.888746486755,15630.217269684945,18966.215129639524,58126.046732192845,41522.5003984571,-187500.02235174447,73368.08125592247,30289.407704997982,19293.399964976303
2839,74748.63675220452,62200.90385686205,23900.653290826474,32410.02946019524,55162.20541741913,41033.35482279716,44964.44552712984,28675.745865791545,15639.85087154518,18974.060591943336,58134.40628461913,41516.30896524298,-187500.02235174447,73362.78389248656,30292.380487010538,19295.612787677383
2840,74781.15854038698,62199.965083594936,23906.39768915149,32415.30447188669,55164.30648139793,41031.81255242974,44975.37553016848,28675.63410706927,15630.172566196034,18963.1752923936,58116.70370301053,41513.17972101924,-187500.02235174447,73354.42434006029,30290.81586489867,19292.72941264265
2841,74753.17415632894,62192.58900792468,23904.810715295163,32413.024593952254,55156.39396386075,41033.80185768627,44967.68653007586,28676.05879021392,15642.91306053556,18970.774885508406,58131.81348226232,41512.08448554093,-187500.02235174447,73363.3650378424,30295.241510300817,19301.223075535665
2842,74783.57252878817,62200.09919406167,23903.06727922765,32418.120791688063,55157.55625457242,41031.16435184054,44968.98293125426,28675.05296171343,15631.200746440978,18958.392019080165,58110.467566307496,41514.38671521982,-187500.02235174447,73365.19788088773,30290.79351315421,19301.021909835566
2843,74770.94379317091,62203.45195572996,23901.770878049243,32421.0041667228,55148.615556790304,41031.76784894084,44954.0072624692,28675.701162302637,15644.90236579208,18973.121818676213,58131.567613073305,41516.66659315427,-187500.02235174447,73372.28338388007,30284.199748539897,19297.356223744897
2844,74787.7970084902,62206.26827553133,23913.125564232538,32428.73787030433,55160.506684840526,41042.38492755711,44976.85074530253,28688.888691531265,15630.552545851771,18960.783655736883,58107.49478429494,41525.048497325006,-187500.02235174447,73365.60021228793,30289.206539297884,19312.935389630245
2845,74771.27906933773,62197.23817077139,23907.78349730772,32420.71359404488,55154.53876907096,41032.48310476341,44965.16078295241,28684.172473451195,15642.086045990713,18966.88568197318,58122.44810133554,41520.64520366731,-187500.02235174447,73371.94810771324,30289.18418755343,19309.470869239674
2846,74785.60653753359,62199.965083594936,23913.483192143824,32426.055660969698,55158.96441447311,41034.9865001424,44980.42702441538,28683.457217628627,15631.066635974246,18952.044123654858,58097.12357486768,41524.82497988045,-187500.02235174447,73367.63422103337,30290.391181754017,19308.554447717008
2847,74771.12260712656,62185.90583633255,23897.904026258475,32411.07999218464,55150.649565535736,41026.246968060375,44956.86828575948,28677.06461871441,15640.789644812305,18959.241385369467,58111.3169325968,41514.18554951972,-187500.02235174447,73375.43497984827,30289.027725342243,19299.01025283459
2848,74774.9000519395,62190.42088871251,23897.814619280653,32405.89438747101,55148.86142597931,41010.55604345275,44959.4610881163,28663.318295874396,15619.019045712836,18938.878946170684,58077.52109498037,41508.21763375016,-187500.02235174447,73359.90051745182,30274.588498424117,19287.72262188466
2849,74776.35291532909,62188.431583456,23902.284968171716,32406.00614619329,55155.36578361581,41016.45690398895,44963.730271307264,28662.737150518555,15634.039417986802,18952.17823412159,58102.48799353695,41503.12143601435,-187500.02235174447,73373.84800599194,30269.13467277702,19273.976299044647
2850,74769.93796467042,62187.60456891115,23919.47345965785,32420.46772485587,55168.79918203344,41033.19836058597,44985.61262912901,28670.35909537781,15618.32614163472,18934.050969368334,58072.67076643357,41520.33227924493,-187500.02235174447,73357.64299126185,30293.22985329984,19300.239598779637
2851,74789.58514804664,62189.21389451193,23913.393785166,32412.756373018787,55155.745763271545,41032.2372355744,44986.01496052921,28661.28428712896,15637.682752333016,18952.826434710794,58092.09443236524,41518.32062224396,-187500.02235174447,73371.07638967948,30289.251242786795,19293.511723698583
2852,74770.4967582818,62196.56761843772,23909.348119419592,32411.303509629197,55147.25210037853,41045.31300608075,44989.30066696414,28662.33481911836,15628.876165017626,18945.629172996185,58077.8563711472,41525.6519944253,-187500.02235174447,73359.05115116252,30287.50780671928,19292.394136475818
2853,74782.74551424332,62190.01855731232,23899.82627628163,32399.0994571566,55150.02371669099,41045.20124735848,44996.63203914548,28671.230813411574,15637.548641866284,18954.458112056032,58094.84369693324,41519.57231993345,-187500.02235174447,73363.00740993112,30278.70121940389,19280.927691570247
2854,74759.5444034987,62199.33923475019,23906.330633918125,32406.6990502714,55149.733144013066,41058.05350042028,45008.83609161808,28671.47668260058,15628.76440629535,18944.69039972906,58080.1586008261,41528.31185201548,-187500.02235174447,73359.49818605163,30284.87030087356,19282.0005753041
2855,74784.31013635518,62198.93690334999,23907.02353799624,32402.42986708044,55146.447437578136,41055.103070152174,45007.651449161945,28648.409682322705,15632.720665063938,18951.351219576743,58088.22758057447,41535.039727096526,-187500.02235174447,73368.34947685593,30289.60887069808,19275.406810689787
2856,74760.84080467711,62207.78819415429,23914.489020644312,32412.868131741063,55153.15296091473,41065.20605864597,45008.120835795504,28674.941202991155,15629.770234795838,18948.35608581973,58076.31410077979,41544.31570104548,-187500.02235174447,73378.60892756093,30298.124885335557,19280.212435747675
2857,74785.8524067226,62204.278970274805,23907.96231126336,32411.10234392909,55150.09077192436,41062.9932359449,45004.61161191602,28671.05199945593,15636.878089532624,18955.08396090078,58080.5609322263,41545.76856443508,-187500.02235174447,73384.33097414149,30296.78378066824,19277.06083977948
2858,74744.14405156899,62205.91064762005,23901.12267746004,32410.45414333989,55144.43578057716,41065.20605864597,44992.20639374333,28661.999542951533,15632.43009238602,18952.044123654858,58077.31992928028,41549.8589336704,-187500.02235174447,73374.92088972579,30297.72255393536,19274.132761255834
2859,74769.51328152577,62209.77749941081,23909.07989848613,32422.166457434472,55153.46588533711,41079.51117509737,45011.98768758628,28679.41155188221,15632.206574941469,18951.999420165947,58081.54440898233,41549.47895401466,-187500.02235174447,73377.17841591578,30299.153065580496,19278.223130491155
2860,74728.00609207226,62209.17400231052,23909.07989848613,32419.998338222307,55152.66122253671,41074.66084655057,44998.66604789091,28669.62148781079,15640.81199655676,18960.358972592232,58092.47441202097,41553.83754418344,-187500.02235174447,73379.27947989458,30304.293966805217,19286.068592794967
2861,74754.96229588536,62215.56660122474,23915.15957297797,32425.876847014053,55156.12574292729,41082.12632919864,45009.59605092956,28675.835272769367,15633.592383097695,18955.933327190083,58083.93604563905,41559.291369830535,-187500.02235174447,73380.73234328418,30310.641862230525,19288.482581196145
2862,74724.87684784851,62216.14774658057,23914.891352044506,32420.93711148943,55161.53486508547,41085.83671877822,45012.9264608534,28678.942165248653,15646.0423047593,18964.85167322775,58097.70472022352,41556.07271862897,-187500.02235174447,73387.10259045394,30310.083068619144,19291.07538355296
2863,74742.69118817941,62204.77070865282,23912.25384619878,32419.551303333203,55160.90901624072,41081.99221873191,45006.243289261256,28673.845967512843,15633.592383097695,18951.150053876645,58079.711565937,41557.12325061837,-187500.02235174447,73378.318354883,30311.401821542004,19287.20853176219
2864,74718.2830832342,62200.52387720632,23908.87873278603,32413.56103581918,55151.78950450296,41077.2983523963,45010.1771962854,28669.375618621783,15642.264859946354,18957.20737662404,58094.798993444325,41550.641244726336,-187500.02235174447,73379.92768048379,30303.668117960467,19276.077363023443
2865,74730.2412665178,62192.85722885814,23905.950654262386,32411.28115788474,55148.14617015674,41070.50342208188,44999.91774558041,28668.45919709912,15623.154118437067,18939.638905482163,58073.67659493406,41547.73551794714,-187500.02235174447,73369.06473267851,30301.94703363741,19275.80914208998
2866,74709.92353080792,62197.37228123812,23909.772802564243,32409.13539041703,55150.02371669099,41067.10595692467,45003.2705072487,28659.496147572536,15641.728418079429,18952.289992843867,58094.53077251087,41542.99694812261,-187500.02235174447,73378.98890721666,30299.555396980693,19272.076400765945
2867,74716.94197856689,62192.27608350231,23908.87873278603,32409.694184028413,55153.91292022621,41061.0933376662,45004.835129360574,28651.82949922437,15626.931563250017,18939.30362931533,58074.79418215682,41544.85214291241,-187500.02235174447,73367.16483439981,30304.76335343878,19271.785828088025
2868,74702.21217897085,62189.43741195648,23904.833067039617,32401.22287287985,55147.58737654536,41062.9932359449,45001.32590548109,28660.90430747322,15639.739112822905,18949.786597464878,58096.5647812563,41540.068869598974,-187500.02235174447,73372.08221817997,30300.42711501445,19266.980203030136
2869,74711.86813257553,62188.11865903362,23908.118773474547,32403.636861281026,55149.12964691278,41069.0952621812,44988.56305939712,28665.48641508656,15630.507842362864,18941.22587933849,58080.78444967085,41541.477029499656,-187500.02235174447,73354.44669180474,30293.676888188947,19266.890796052317
2870,74702.59215862658,62183.60360665365,23905.660081584465,32397.713649000365,55148.70496376813,41067.351826113685,44997.03437054568,28663.54181331895,15645.505862892374,18955.352181834245,58103.87380169318,41533.76567766257,-187500.02235174447,73359.54288954055,30295.465027745373,19268.991860031118
2871,74703.17330398242,62184.34121422067,23900.5415321042,32400.664079268467,55146.82741723388,41063.88730572311,44995.80502460063,28654.86933647029,15625.098720204678,18938.588373492763,58081.8573334047,41534.65974744079,-187500.02235174447,73355.78779647205,30297.163760323976,19271.048220521
2872,74700.60285337006,62181.21196999693,23896.562921591158,32396.81957922216,55146.4697893226,41066.25659063537,44978.10244299203,28654.399949836727,15635.33581916521,18949.38426606468,58107.29361859484,41535.799686408005,-187500.02235174447,73361.4204360748,30290.100609076097,19264.365048928863
2873,74696.19955971236,62186.41992645502,23896.764087291253,32403.636861281026,55145.6651265222,41069.02820694784,44991.8711175765,28660.34551386184,15616.627409056116,18934.22978332398,58089.74749919743,41534.771506163066,-187500.02235174447,73353.17264237079,30290.458236987382,19267.516644897063
2874,74710.99641454178,62186.35287122165,23900.58623559311,32406.56493980467,55144.6145945328,41072.44802384949,45002.97993457079,28671.610793067317,15632.363037152654,18948.266678841912,58121.48697632396,41530.21175029418,-187500.02235174447,73364.05794192052,30288.535986964227,19269.10361875339
2875,74699.23939695828,62190.17501952351,23905.078936228627,32409.6494805395,55150.515455069006,41076.13606168462,44998.86721359101,28670.33674363336,15623.176470181525,18937.0684548698,58112.03218841937,41534.74915441861,-187500.02235174447,73351.07157839199,30295.17445506745,19280.301842725497
2876,74713.76803085423,62189.95150207896,23904.698956572887,32413.69514628591,55144.25696662152,41072.380968616126,44992.7204838658,28668.41449361021,15630.32902840722,18943.39399855065,58131.47820609548,41542.41580276678,-187500.02235174447,73369.75763675662,30295.91206263448,19284.123991027354
2877,74693.04796374416,62194.06422305873,23908.051718241182,32413.538684074723,55150.649565535736,41071.50925058237,44992.60872514352,28662.893612729746,15620.203688168967,18933.134547845668,58119.00593268943,41543.77925917856,-187500.02235174447,73351.54096502555,30299.197769069408,19282.537017171027
2878,74717.45606868935,62191.78434512429,23913.103212488084,32416.019727709263,55157.2209784056,41068.11178542517,45007.0256003172,28666.089912186853,15631.066635974246,18945.450359040544,58143.972831246,41549.92598890376,-187500.02235174447,73363.09681690893,30309.747792452312,19287.92378758476
2879,74689.2258154423,62193.48307770289,23916.83595381212,32416.310300387184,55150.62721379128,41073.0962244387,45010.13249279648,28689.15691246473,15628.742054550894,18941.248231082944,58144.06223822382,41542.0581748555,-187500.02235174447,73356.45834880571,30310.61951048607,19291.030680064046
2880,74720.3394437241,62191.560827679736,23917.953541034884,32423.686376057434,55154.002327204034,41072.112747682666,44997.99549555725,28690.118037476303,15629.546717351284,18940.28710607137,58154.61226160673,41552.384680793846,-187500.02235174447,73373.44567459174,30313.16760935397,19306.319273271474
2881,74691.3268794211,62193.86305735864,23917.193581723404,32422.5017336013,55159.41144936222,41063.41791908955,44982.93041979437,28676.975211736582,15627.04332197229,18936.2190885805,58150.11956097121,41545.29917780151,-187500.02235174447,73358.98409592916,30302.52817899325,19294.29403475452
2882,74729.86128686205,62189.325653234206,23912.45501189888,32417.070259698663,55155.99163246055,41051.30327359477,44974.83908830155,28663.698275530136,15630.753711551872,18944.869213684706,58161.630709365694,41550.17185809277,-187500.02235174447,73365.62256403238,30301.164722581478,19289.309595740982
2883,74693.91968177792,62185.14587702107,23902.977872249827,32406.56493980467,55142.42412357618,41045.26830259184,44967.77593705367,28661.44074934015,15634.262935431354,18946.1209113742,58166.50338965695,41538.526599231554,-187500.02235174447,73357.17360462829,30292.22402479935,19279.65364213629
2884,74729.7942316287,62196.83583937119,23915.62895961153,32418.65723355499,55148.39203934575,41057.24883761988,44973.1627074674,28669.375618621783,15618.549659079274,18931.50287050043,58156.24393895197,41546.34970979091,-187500.02235174447,73352.14446212584,30295.50973123428,19283.74401137161
2885,74702.70391734886,62202.71434816293,23922.69211085941,32419.01486146628,55157.57860631688,41055.259532363365,44987.6689896189,28663.16183366321,15630.70900806296,18939.907126415623,58176.29345372838,41550.12715460386,-187500.02235174447,73359.83346221846,30303.601062727103,19288.14730502931
2886,74735.67274042043,62199.56275219474,23926.223686483347,32424.62514932456,55163.68063255318,41059.6404742766,44991.17821349838,28680.26091817152,15624.562278337751,18932.91103040112,58169.8337995808,41553.904599416805,-187500.02235174447,73364.68379076527,30310.977138397357,19290.762459130583
2887,74710.52702790822,62192.38784222458,23918.93701779092,32415.438582353425,55143.00526893202,41062.389738844606,44970.50284987722,28664.838214497355,15635.76050230986,18939.08011187078,58187.29051200039,41548.115497602885,-187500.02235174447,73368.79651174504,30305.456257516893,19294.33873824343
2888,74738.98079859982,62196.25469401536,23921.865096314563,32416.623224809555,55147.98970794556,41058.321721353735,44973.47563188978,28668.570955821397,15624.76344403785,18928.23951580996,58177.008709550944,41544.82979116796,-187500.02235174447,73355.92190693879,30298.32605103565,19288.326118984955
2889,74710.01293778574,62195.51708644833,23921.105137003084,32415.885617242533,55151.65539403623,41068.06708193625,44983.53391689467,28684.395990895748,15638.085083733213,18938.163690348112,58199.89689587318,41546.05913711299,-187500.02235174447,73359.65464826282,30308.406687784995,19294.271683010065
2890,74726.53087693821,62192.56665618023,23917.41709916796,32411.03528869573,55146.58154804487,41065.518983068345,44976.89544879144,28678.606889081824,15623.310580648254,18923.813870407805,58183.75893637645,41543.48868650064,-187500.02235174447,73354.7149127382,30301.365888281573,19289.75663063009
2891,74708.71653660733,62191.78434512429,23918.91466604646,32408.397782850003,55159.72437378459,41064.24493363439,44992.65342863243,28673.62245006829,15639.605002356171,18936.46495776951,58210.75984367846,41537.54312247552,-187500.02235174447,73360.23579361866,30302.595234226614,19287.14147652882
2892,74725.56975192664,62192.70076664696,23921.5968753811,32418.076088199152,55155.83517024937,41070.481070337424,44994.59803040005,28685.11124671832,15623.914077748548,18926.98781812046,58193.59370393679,41537.0513840975,-187500.02235174447,73358.6711715068,30307.803190684703,19291.321252741964
2893,74710.57173139713,62193.50542944735,23921.127488747537,32421.786477778733,55155.05285919344,41072.20215466048,44989.61359138652,28674.00242972403,15635.894612776592,18942.857556683728,58221.22046008355,41541.70054694421,-187500.02235174447,73378.16189267182,30311.67004247547,19300.35135750191
2894,74724.27335074823,62196.74643239337,23926.96129405037,32426.16741969197,55153.42118184819,41073.83383200572,44988.04896927464,28680.01504898251,15622.103586447667,18930.29587629985,58201.416814496144,41546.439116768735,-187500.02235174447,73360.79458723005,30310.82067618617,19305.469906982173
2895,74725.81562111565,62189.30330148975,23921.57452363664,32417.584349821136,55153.26471963701,41069.587000559215,44978.63888485896,28675.768217536,15643.225984957931,18947.55142301934,58231.18933811061,41546.05913711299,-187500.02235174447,73374.1162269254,30307.110286606585,19300.373709246363
2896,74723.64750190348,62186.88931308858,23917.93118929043,32416.13148643154,55155.29872838244,41066.591866802206,44999.49306243576,28684.77597055149,15628.384426639608,18933.134547845668,58212.07859660132,41544.00277662311,-187500.02235174447,73355.22900286067,30307.91494940698,19297.646796422818
2897,74723.26752224774,62181.41313569703,23911.31507293166,32407.257843882784,55152.99649870354,41064.64726503459,44991.37937919848,28682.138464705764,15638.800339555784,18943.773978206395,58239.07950390333,41539.5547794765,-187500.02235174447,73364.1697006428,30302.081144104144,19290.67305215276
2898,74705.52023715022,62175.35581294964,23909.102250230582,32407.213140393877,55152.72827777008,41056.13125039712,44977.32013193609,28661.12782491777,15621.321275391732,18925.95963787552,58217.08538735932,41534.32447127396,-187500.02235174447,73352.94912492624,30299.957728380887,19289.309595740982
2899,74720.02651930173,62171.1760367365,23911.87386654304,32412.21993115186,55155.43283884917,41063.88730572311,44979.532954637165,28673.890671001755,15623.75761553736,18931.391111778157,58234.02800965643,41536.447886997215,-187500.02235174447,73363.20857563122,30298.03547835773,19288.907264340796
2900,74710.70584186386,62170.237263469375,23909.81750605315,32416.84674225411,55158.0703446949,41060.46748882145,44983.57862038358,28677.91398500371,15619.041397457291,18926.36196927571,58226.33900956381,41537.09608758642,-187500.02235174447,73356.4136453168,30304.87511216105,19296.953892344703
2901,74728.29666475019,62159.10609473063,23910.845686298097,32413.18105616344,55155.94692897164,41053.7396137404,44970.8157742996,28673.82361576839,15625.47869986042,18937.76135894792,58244.53332955043,41540.11357308788,-187500.02235174447,73363.29798260903,30301.455295259395,19289.086078296437
2902,74698.81471381363,62140.330629388176,23908.051718241182,32408.97892820584,55163.90414999773,41056.377119586126,44961.00335848372,28667.40866510972,15617.1862026675,18930.69820770004,58236.30788759088,41537.18549456424,-187500.02235174447,73356.4136453168,30304.361022038585,19296.506857455595
2903,74705.74375459478,62110.17812611797,23898.686337314408,32398.71947750085,55151.00719344702,41043.52486652433,44963.68556781836,28664.54764181944,15620.293095146788,18935.45912926902,58245.91913770666,41519.50526470009,-187500.02235174447,73360.83929071896,30296.157931823487,19286.58268291744
2904,74665.5776698086,62084.47361999436,23891.77964827772,32396.64076526651,55143.78757998796,41051.37032882814,44964.35612015201,28675.05296171343,15612.894667732082,18929.35710303272,58235.50322479048,41507.45767443868,-187500.02235174447,73346.42241554528,30286.300812518697,19284.83924684993
2905,74676.41826586942,62068.156846541984,23886.102305186072,32393.13154138703,55138.11023689631,41048.59871251568,44964.95961725231,28679.836235026865,15615.107490433156,18934.07332111279,58241.98523068253,41505.73659011562,-187500.02235174447,73349.97634291368,30283.28332701723,19288.482581196145
2906,74622.4611547543,62044.93338405292,23878.994450449285,32380.391047047506,55137.30557409592,41037.288729821295,44960.668082316886,28669.129749432774,15610.592438053183,18931.659332711617,58238.43130331413,41496.43826442221,-187500.02235174447,73343.22611608818,30279.9976205823,19283.118162526865
2907,74632.69825371483,62037.2443839603,23880.29085162769,32374.244317322293,55135.38332407276,41030.04676461778,44953.91785549139,28664.34647611934,15606.74793800687,18931.480518755976,58237.98426842503,41485.55296487248,-187500.02235174447,73340.34274105344,30278.61181242607,19272.67989786624
2908,74584.86552058048,62044.57575614164,23874.434694580403,32374.154910344478,55132.20937636011,41031.92431115202,44944.03838444214,28669.53208083297,15610.346568864175,18933.670989712595,58244.24275687251,41484.90476428328,-187500.02235174447,73331.73731943814,30279.68469615993,19276.032659534536
2909,74604.06566906758,62052.08594227862,23876.044020181183,32374.6913522114,55137.77496072948,41033.444229774985,44967.61947484249,28675.1200169468,15599.953007692458,18923.00920760741,58235.72674223504,41482.22255494864,-187500.02235174447,73330.55267698201,30274.700257146396,19276.79261884601
2910,74567.94525002781,62058.52324468175,23876.11107541455,32376.099512112083,55141.79827473143,41032.21488382994,44954.297835147125,28660.703141773123,15608.759595007848,18926.496079742443,58250.65770753118,41484.3906741608,-187500.02235174447,73348.52347952408,30281.204614782884,19282.537017171027
2911,74598.8577126095,62068.98386108683,23879.933223716405,32376.770064445744,55139.3619345858,41027.16338958304,44954.655463058414,28658.736188261057,15595.840286712682,18913.979102847472,58237.73839923601,41480.099139225385,-187500.02235174447,73343.58374399945,30270.721646633345,19274.266871722564
2912,74578.91995655537,62075.53292221224,23881.408438850456,32374.0431516222,55139.89837645274,41026.5822442272,44961.40568988391,28661.776025506977,15607.0832141737,18922.69628318504,58253.58578605483,41485.955296272674,-187500.02235174447,73333.86073516139,30273.023876312243,19273.5516159
2913,74616.3144250291,62083.84777114961,23886.147008674983,32378.80407319117,55140.300707852926,41028.348032039175,44961.98683523975,28671.34257213385,15594.2309611119,18911.65452142412,58237.224309113546,41484.68124683872,-187500.02235174447,73321.52257222206,30273.76148387927,19277.86550257987
2914,74613.98984360574,62098.24229457883,23898.462819869856,32390.71755298585,55155.00815570452,41035.27707282032,44973.43092840087,28677.042266969955,15611.71002527595,18925.579658219776,58265.76748678297,41487.05053175098,-187500.02235174447,73340.25333407562,30281.495187460805,19285.06276429448
2915,74636.34158806106,62103.830230692656,23895.73590704631,32396.372544333048,55146.24627187804,41038.00398564387,44969.92170452139,28676.95285999213,15594.275664600813,18907.608855677707,58244.77919873944,41494.15838648777,-187500.02235174447,73334.15130783932,30286.166702051964,19295.59043593293
2916,74628.25025656822,62109.12759412856,23893.72425004533,32391.11988438605,55146.17921664468,41038.808648444254,44968.44648938734,28676.52817684748,15604.579818794708,18916.79542264884,58265.38750712723,41489.75509283008,-187500.02235174447,73351.47390979218,30280.064675815665,19293.82464812096
2917,74648.27741960018,62123.1644896465,23892.15962793346,32390.11405588556,55144.74870499953,41027.40925877205,44961.69626256183,28667.1180924318,15592.576932022206,18903.876114353672,58242.56637603836,41490.44799690819,-187500.02235174447,73334.21836307268,30279.61764092656,19285.934482328237
2918,74651.78664347967,62129.914716472,23892.316090144646,32391.544567530706,55142.22295787608,41026.40343027156,44950.92272173437,28652.38829283575,15612.022949698325,18924.84205065275,58270.215483929576,41492.54906088699,-187500.02235174447,73349.99869465813,30270.63223965553,19278.446647935707
2919,74654.2676871142,62133.33453337367,23894.81948552364,32394.338535587616,55138.69138225215,41026.91752039403,44956.35419563702,28668.01216221001,15600.556504792752,18917.756547660418,58252.043515687415,41498.6957906122,-187500.02235174447,73340.49920326463,30272.42037921195,19279.050145036003
2920,74657.06165517111,62144.73392304587,23895.91472100195,32394.271480354248,55145.37455384428,41041.42380254553,44960.01988172768,28678.96451699311,15615.643932300083,18928.91006814361,58276.04928923241,41502.76380810307,-187500.02235174447,73351.83153770346,30274.36498097956,19284.59337766092
2921,74660.54852730615,62146.34324864665,23896.317052402148,32397.06544841116,55146.20156838913,41036.2829013208,44954.02961421367,28674.181243679675,15603.149307149568,18912.12390805768,58252.46819883207,41504.06020928147,-187500.02235174447,73353.2173458597,30279.170606037453,19286.69444163972
2922,74678.36286763703,62145.985620735366,23892.9419389894,32391.87984369753,55154.73993477106,41035.053555375765,44962.94796025133,28675.209423924614,15616.538002078296,18923.99268436345,58278.1056497223,41505.49072092661,-187500.02235174447,73352.65855224831,30284.915004362465,19292.416488220275
2923,74676.28415540268,62153.40639989453,23905.883599029017,32400.41821007946,55157.08686793887,41036.34995655417,44974.68262609037,28682.026705983488,15603.842211227682,18909.77697488987,58256.647975045205,41505.06603778196,-187500.02235174447,73346.04243588954,30289.56416720917,19294.986938832637
2924,74692.5785771106,62147.25967016932,23896.3394041466,32387.342439573105,55145.73218175557,41025.12938083761,44955.54953283662,28666.26872614249,15610.190106652988,18915.05198658133,58269.12024845127,41499.05341852349,-187500.02235174447,73346.7576917121,30287.396047997005,19287.94613932921
2925,74678.49697810377,62150.232452181874,23900.07214547064,32390.94107043041,55141.97708868708,41035.8358664317,44965.02667248567,28682.741961806056,15607.66435952954,18908.480573711466,58257.63145180124,41498.02523827854,-187500.02235174447,73345.23777308915,30283.775065395246,19291.120087041865
2926,74709.36473719653,62152.64644058305,23900.765049548758,32390.98577391932,55156.55042607194,41035.85821817615,44971.35221616653,28681.713781561117,15612.380577609609,18913.30855051381,58268.449696117605,41497.66761036726,-187500.02235174447,73348.05409289051,30279.61764092656,19290.69540389721
2927,74684.80017004015,62157.20619645193,23899.714517559358,32391.83514020862,55157.57860631688,41037.1322676101,44968.64765508744,28675.81292102491,15611.106528175656,18912.973274346983,58261.69946929211,41507.010639549575,-187500.02235174447,73345.08131087795,30285.607908440583,19296.082174310945
2928,74713.05277503167,62152.80290279423,23898.08284021412,32385.91192792797,55152.01302194751,41024.8835116486,44968.0665097316,28661.753673762523,15603.953969949958,18910.827506879272,58260.71599253607,41504.350781959394,-187500.02235174447,73351.809185959,30278.053018814688,19282.87229333786
2929,74691.6845073324,62158.077914485686,23904.27427342824,32390.337573330115,55151.65539403623,41027.45396226096,44965.85368703052,28675.701162302637,15606.524420562318,18912.4144807356,58258.34670762381,41504.12726451484,-187500.02235174447,73345.39423530034,30279.103550804088,19288.124953284856
2930,74730.50948745126,62168.4714756574,23912.16443922096,32393.288003598216,55150.13547541326,41023.07302034772,44965.40665214141,28663.944144719146,15605.630350784106,18915.767242403894,58261.72182103656,41506.94358431621,-187500.02235174447,73353.55262202652,30285.496149718303,19291.969453331167
2931,74702.83802781558,62174.30528096024,23915.472497400344,32393.198596620397,55156.036335949466,41022.08954359168,44956.22008517028,28663.38535110776,15602.389347838089,18913.75558540292,58259.039611701926,41508.3964477058,-187500.02235174447,73345.9083254228,30281.294021760707,19286.60503466189
2932,74735.00218808677,62180.42965894099,23921.373357936547,32401.714611257867,55155.16461791571,41021.150770324566,44964.937265507855,28665.77698776448,15597.293150102276,18911.83333537976,58253.27286163245,41519.81818912247,-187500.02235174447,73344.83544168895,30286.9490131079,19289.06372655198
2933,74705.05085051667,62178.75327810685,23911.940921776408,32392.32687858664,55145.53101605547,41018.3791540121,44949.49221008924,28661.41839759569,15609.1842781525,18919.96937036149,58265.61102457179,41516.82305536545,-187500.02235174447,73349.28343883555,30281.338725249618,19284.14634277181
2934,74735.80685088717,62176.56280715023,23914.846648555595,32392.37158207555,55147.40856258971,41018.42385750102,44953.113192691,28656.34455160434,15600.400042581565,18912.2133150355,58251.5517773094,41511.65980239628,-187500.02235174447,73343.89666842183,30279.014143826265,19279.63129039184
2935,74711.08582151959,62181.9272258195,23912.857343299074,32395.344364088105,55156.28220513847,41021.30723253575,44973.43092840087,28688.508711875525,15611.352397364664,18922.53982097385,58263.59936757081,41512.75503787459,-187500.02235174447,73355.05018890502,30283.104513061586,19286.38151721734
2936,74742.06533933466,62182.620129897616,23911.650349098487,32396.573710033143,55152.8176847479,41025.86698840463,44965.11607946349,28679.3221449044,15598.410737325044,18912.056852824317,58245.06977141736,41513.69381114171,-187500.02235174447,73357.061845906,30282.143388050008,19284.79454336101
2937,74726.12854553801,62190.06326080123,23913.01380551026,32397.60189027809,55155.254024893526,41028.39273552808,44963.43969862934,28678.696296059647,15610.883010731104,18926.473727997985,58263.39820187071,41513.55970067498,-187500.02235174447,73350.7139504807,30278.65651591498,19291.209494019688
2938,74746.73685392582,62193.99716782536,23917.23828521232,32404.84385548161,55154.24819639304,41035.21001758695,44975.822565057584,28678.562185592917,15597.382557080098,18914.537896458853,58243.013410927466,41524.6014624359,-187500.02235174447,73343.62844748837,30284.08798981762,19297.24446502262
2939,74730.35302524007,62185.61526365463,23905.97300600684,32396.394896077505,55147.63208003427,41033.69009896399,44973.9673702678,28670.7167232891,15612.42528109852,18924.864402397205,58260.51482683597,41518.61119492188,-187500.02235174447,73353.48556679316,30278.768274637256,19290.44953470821
2940,74745.28399053622,62197.014653326834,23907.78349730772,32400.93230020193,55143.83228347687,41036.61817748764,44978.6165331145,28663.318295874396,15600.71296700394,18915.49902147043,58237.82780621384,41518.56649143297,-187500.02235174447,73345.93067716726,30275.9966583248,19283.43108694924
2941,74741.59595270109,62203.31784526323,23907.738793818808,32404.687393270426,55142.15590264272,41046.20707585896,44993.07811177708,28672.77308377899,15618.28143814581,18933.44747226804,58259.19607391311,41529.96588110517,-187500.02235174447,73371.27755537958,30279.75175139329,19285.24157825012
2942,74755.5881447301,62211.49858373387,23913.41613691045,32412.68931778542,55145.016925933,41058.3440730982,45000.09655953605,28678.76335129301,15609.877182230615,18926.85370765373,58238.23013761403,41538.683061442745,-187500.02235174447,73359.58759302946,30281.338725249618,19288.99667131861
2943,74754.15763308498,62210.55981046675,23913.41613691045,32412.577559063146,55146.80506548943,41059.88634346561,45000.54359442516,28664.637048797256,15626.90921150556,18945.092731129254,58260.403068113694,41546.39441327982,-187500.02235174447,73367.96949720019,30287.08312357463,19288.460229451684
2944,74748.90497313798,62212.77263316782,23918.042948012702,32418.925454488453,55150.26958587999,41064.13317491212,45009.43958871837,28676.01408672501,15607.99963569637,18929.08888209926,58228.93181192062,41551.31179705999,-187500.02235174447,73355.94425868324,30295.845007401116,19286.068592794967
2945,74749.70963593837,62211.27506628932,23917.73002359033,32414.54451257521,55143.944042199146,41065.40722434607,44991.44643443185,28667.25220289853,15619.533135835309,18941.941135161054,58243.90748070568,41556.139773862335,-187500.02235174447,73373.51272982512,30304.96451913888,19284.05693579399
2946,74738.26554277726,62210.67156918903,23926.11192776107,32421.36179463408,55161.8701412523,41081.43342512053,45012.412370730926,28684.127769962284,15606.211496139944,18929.0665303548,58223.63444848472,41553.16699184978,-187500.02235174447,73363.81207273151,30309.83719943013,19287.94613932921
2947,74743.16057481297,62207.49762147637,23926.134279505528,32420.93711148943,55153.13060917027,41082.43925362101,45013.32879225359,28678.875110015288,15620.158984680056,18941.136472360668,58247.416704585165,41557.14560236283,-187500.02235174447,73389.53893059956,30317.99558615632,19296.462153966684
2948,74715.35500471057,62208.07876683221,23926.15663124998,32418.74664053281,55150.26958587999,41075.8454890067,45013.015867831215,28661.82072899589,15611.330045620209,18933.201603079036,58230.25056484349,41557.10089887392,-187500.02235174447,73368.52829081158,30310.261882574785,19285.263929994577
2949,74725.5921036711,62215.85717390266,23927.87771557304,32425.943902247414,55154.49406558205,41091.51406186987,45017.352106255545,28688.53106361998,15618.102624190167,18941.09176887176,58244.42157082816,41563.80642221051,-187500.02235174447,73365.80137798803,30315.89452217752,19291.321252741964
2950,74693.09266723307,62215.00780761336,23934.002093553798,32427.41911738147,55163.85944650882,41098.107826484185,45021.15190281295,28690.0733339874,15609.22898164141,18933.35806529022,58232.17281486664,41566.60039026742,-187500.02235174447,73364.12499715388,30325.75164148231,19300.552523202005
2951,74706.05667901716,62203.228438285405,23931.78927085272,32421.406498122997,55154.58347255987,41090.687047325024,45023.36472551402,28682.965479250608,15613.587571810196,18939.54949850434,58241.06880915986,41567.27094260109,-187500.02235174447,73373.82565424748,30333.93237995296,19299.9043226128
2952,74663.54366106316,62195.04769981477,23927.385977195023,32412.108172429584,55151.34246961385,41084.070930966256,45001.81764385911,28662.737150518555,15604.065728672234,18934.27448681289,58227.99303865351,41555.91625641778,-187500.02235174447,73366.60604078842,30321.817734458175,19286.493275939614
2953,74685.873053774,62198.44516497197,23928.63767488452,32419.14897193301,55154.82934174888,41093.19044270402,45004.25398400474,28681.78083679448,15609.720720019428,18940.24240258245,58234.92207943465,41558.531410519055,-187500.02235174447,73381.64876480684,30322.1083071361,19293.422316720764
2954,74645.17052712089,62197.95342659396,23928.12358476205,32422.36762313457,55156.39396386075,41092.095207225706,45002.24232700376,28681.24439492755,15609.385443852598,18932.75456818993,58230.31762007685,41558.55376226351,-187500.02235174447,73366.15900589932,30323.82939145916,19307.235694794144
2955,74668.50574833223,62190.48794394588,23926.67072137245,32416.891445743026,55153.53294057047,41086.73078855644,44996.83320484558,28668.10156918783,15605.429185084007,18926.98781812046,58227.30013457539,41554.44104128373,-187500.02235174447,73355.02783716057,30318.19675185642,19301.93833135824
2956,74638.19678285084,62189.526818934304,23923.899105059994,32412.666966040968,55155.34343187135,41087.446044379,45007.517338695216,28686.38529615227,15613.922847977025,18928.530088487874,58238.677172503136,41550.3059685595,-187500.02235174447,73362.18039538627,30321.795382713724,19291.947101586717
2957,74670.85268150005,62192.58900792468,23922.982683537328,32410.65530903999,55157.28803363896,41078.25947740788,45007.20441427284,28676.327011147383,15611.330045620209,18925.713768686503,58237.73839923601,41558.46435528569,-187500.02235174447,73360.50401455212,30321.415403057985,19291.07538355296
2958,74635.9169049164,62190.5773509237,23925.195506238404,32407.28019562724,55159.43380110667,41078.93002974153,45003.13639678197,28673.44363611265,15627.624467328127,18938.968353148503,58257.78791401243,41549.90363715931,-187500.02235174447,73365.73432275467,30316.38626055554,19285.621557905863
2959,74659.94503020585,62186.03994679928,23927.72125336185,32403.59215779211,55158.67384179519,41078.818271019256,45006.80208287264,28671.38727562276,15612.760557265348,18921.668102940097,58238.65482075868,41547.199076080215,-187500.02235174447,73349.68577023575,30317.481496033848,19288.63904340733
2960,74635.89455317195,62183.02246129781,23927.92241906195,32407.257843882784,55153.95762371512,41075.57726807323,45002.30938223712,28680.43973212716,15626.886859761104,18929.915896644103,58258.749039024005,41544.24864581211,-187500.02235174447,73360.12403489638,30319.62726350156,19297.602092933907
2961,74667.7234372763,62197.573446938215,23935.96904706586,32424.22281792436,55164.75351628703,41095.35856191618,45014.826359132094,28697.382354424284,15619.689598046494,18923.54564947434,58248.57899529684,41549.97069239267,-187500.02235174447,73357.19595637274,30326.735118238343,19310.11906982888
2962,74648.00919866672,62191.94080733548,23927.43068068393,32416.6008730651,55168.06157446642,41088.47422462395,45009.66310616292,28688.173435708697,15636.90044127708,18939.929478160084,58278.3068154224,41555.1562971063,-187500.02235174447,73366.0695989215,30333.82062123068,19316.15404083181
2963,74655.22881212579,62188.52099043382,23922.110965503573,32411.9517102184,55166.58635933237,41077.2983523963,45011.42889397489,28683.61367983981,15619.577839324218,18927.524259987385,58257.43028610114,41551.08827961544,-187500.02235174447,73356.39129357235,30329.52908629526,19302.184200547243
2964,74629.7701751912,62182.59777815316,23917.5959131236,32401.78166649123,55157.8691789948,41074.16910817255,44997.28023973468,28679.545662348948,15626.529231849818,18933.581582734776,58275.46814387658,41546.84144816893,-187500.02235174447,73356.43599706126,30316.05098438871,19289.421354463266
2965,74639.11320437351,62188.275121244806,23928.324750462147,32412.734021274333,55161.53486508547,41078.77356753035,44999.13543452447,28680.46208387161,15608.17844965201,18917.42127149359,58250.16596915317,41546.48382025764,-187500.02235174447,73353.97730517117,30314.933397165943,19291.142438786323
2966,74630.06074786911,62189.4821154454,23933.55505866469,32415.46093409788,55158.45032435064,41073.02916920533,44996.028542045184,28675.1200169468,15628.719702806438,18937.22491708099,58282.017205001976,41547.959035391694,-187500.02235174447,73365.06377042101,30318.219103600877,19292.930578342748
2967,74630.10545135802,62190.82322011271,23938.181869766937,32424.692204557923,55164.12766744229,41082.61806757666,44991.915821065406,28702.612662626823,15616.470946844933,18922.830393651773,58262.90646349269,41550.61889298188,-187500.02235174447,73360.34755234093,30321.817734458175,19303.458249981195
2968,74631.7147769588,62188.74450787837,23933.66681738697,32419.596006822117,55156.10339118283,41071.26338139336,44971.73219582227,28673.354229134828,15634.464101131452,18940.60003049374,58292.83544931835,41551.89294241583,-187500.02235174447,73380.35236362844,30321.72832748036,19303.324139514465
2969,74622.81878266559,62191.49377244637,23935.99139881032,32425.519219102767,55163.85944650882,41069.85522149268,45000.230670002784,28684.28423217347,15612.626446798617,18922.40571050712,58267.1532949392,41548.78604993654,-187500.02235174447,73364.28145936507,30318.17440011196,19298.116183056376
2970,74639.62729449598,62188.409231711536,23938.76301512277,32422.479381856847,55166.54165584346,41065.69779702399,44996.98966705676,28691.30267993244,15626.439824871995,18935.66029496912,58295.20473423061,41549.83658192594,-187500.02235174447,73372.21632864671,30324.701109492915,19304.44172673723
2971,74622.75172743223,62186.48698168838,23936.57254416616,32422.14410569002,55172.88955126877,41069.0952621812,44997.928440323885,28692.800246810944,15616.739167778394,18927.18898382056,58282.55364686891,41547.02026212457,-187500.02235174447,73365.51080531011,30326.86922870508,19308.375633761363
2972,74631.89359091445,62178.64151938457,23925.5978376386,32412.979890463343,55157.55625457242,41066.61421854666,44991.89346932095,28676.34936289184,15625.411644627053,18939.32598105979,58305.17361225768,41540.806477166,-187500.02235174447,73365.6672675213,30319.06846989017,19303.81587789248
2973,74616.49323898474,62182.70953687544,23925.530782405232,32417.673756798955,55162.29482439695,41078.10301519669,44989.07714951958,28697.225892213097,15613.609923554652,18930.18411757757,58293.59540862983,41537.0066806086,-187500.02235174447,73358.80528197352,30315.24632158832,19310.99078786264
2974,74636.49805027223,62183.33538572019,23922.893276559505,32419.21602716637,55157.64566155025,41078.594753574704,44985.29970470664,28683.188996695164,15620.293095146788,18938.588373492763,58307.74406287004,41543.64514871183,-187500.02235174447,73361.84511921945,30314.642824488023,19313.360072774896
2975,74605.16090454589,62189.57152242321,23929.30822721818,32419.059564955183,55151.700097525136,41082.28279140983,44980.33761743756,28690.56507236541,15615.956856722458,18933.93921064606,58305.28537097995,41546.148544090815,-187500.02235174447,73359.1182063959,30312.60881574259,19305.73812791564
2976,74626.4174135229,62185.68231888799,23918.48998290181,32401.692259513413,55138.87019620779,41058.92521845403,44972.08982373355,28669.509729088517,15609.810126997249,18934.386245535166,58309.979237315565,41544.494515001126,-187500.02235174447,73367.09777916643,30312.027670386757,19296.05982256649
2977,74605.80910513511,62193.728946891904,23928.21299173987,32407.235492138327,55150.78367600247,41061.98740744441,44968.89352427644,28673.95772623512,15610.61478979764,18936.621419980696,58312.23676350556,41534.9056166298,-187500.02235174447,73367.72362801118,30300.985908625837,19276.300880468
2978,74630.06074786911,62192.83487711369,23934.78440460973,32419.19367542192,55163.03243196398,41071.06221569327,44982.32692269408,28688.240490942066,15615.040435199791,18940.443568282557,58323.189118288654,41551.64707322682,-187500.02235174447,73358.78293022906,30313.81580994318,19291.72358414216
2979,74589.38057296045,62193.55013293626,23932.63863714202,32413.51633233027,55166.98869073256,41064.75902375687,44979.39884417044,28676.125845447285,15616.314484633744,18942.678742728083,58333.35916201582,41550.59654123742,-187500.02235174447,73356.43599706126,30317.10151637811,19299.233770279145
2980,74621.63414020945,62200.702691161954,23942.02636981325,32418.254902154797,55164.06061220892,41067.8435644917,44992.34050421006,28674.80709252442,15609.027815941314,18941.98583864997,58332.59920270434,41552.33997730494,-187500.02235174447,73371.21050014622,30318.39791755652,19301.49129646913
2981,74593.38153521795,62208.324636021214,23947.7037129049,32420.93711148943,55158.338565628364,41072.2915616383,44978.23655345876,28687.547586863948,15610.27951363081,18940.64473398265,58343.97624063209,41550.46243077069,-187500.02235174447,73356.86068020591,30320.543685024222,19304.1064505704
2982,74632.00534963672,62216.39361576959,23959.97482061086,32438.818507053675,55167.79335353296,41081.03109372033,44987.177251240886,28696.175360223697,15606.345606606676,18933.514527501407,58341.40579001973,41563.82877395496,-187500.02235174447,73358.00061917312,30325.32695833766,19317.58455247695
2983,74606.39025049093,62211.96797036744,23949.581259439143,32429.78840229373,55163.63592906427,41075.26434365086,44989.1665564974,28681.62437458329,15622.751787036872,18946.79146370786,58367.22205486561,41573.52943104857,-187500.02235174447,73375.61379380392,30334.848801475626,19323.01602637959
2984,74633.7711374487,62210.76097616684,23949.73772165033,32424.021652224263,55155.70105978264,41073.20798316097,44978.43771915886,28675.29883090244,15605.496240317374,18932.084015856268,58352.06757212491,41565.81807921149,-187500.02235174447,73364.25910762062,30325.215199615384,19308.97913086166
2985,74611.84407613803,62215.92422913602,23948.329561749648,32420.601835322603,55157.93623422817,41072.91741048305,44978.14714648094,28676.706990803123,15621.365978880642,18947.685533486077,58379.98490094959,41564.94636117773,-187500.02235174447,73368.97532570068,30320.074298390664,19303.614712192382
2986,74632.3182740591,62217.04181635879,23949.13422455004,32422.658195812488,55160.707850540624,41068.58117205872,44979.823527315086,28686.65351708573,15601.674092015515,18929.49121349945,58356.895548927256,41567.069776900986,-187500.02235174447,73368.39418034484,30321.348347824616,19305.1569825598
2987,74622.55056173213,62215.94658088048,23945.78146288174,32418.21019866588,55155.07521093789,41064.17787840103,44971.82160280009,28680.327973404885,15618.750824779372,18945.159786362623,58385.84105799688,41564.834602455456,-187500.02235174447,73371.34461061294,30314.441658787928,19297.91501735628
2988,74626.79739317864,62211.09625233368,23943.41217796948,32416.734983531835,55160.59609181835,41055.34893934118,44967.79828879813,28668.973287221583,15601.696443759973,18930.36293153321,58370.73127874509,41566.354521078414,-187500.02235174447,73360.01227617411,30316.207446599896,19295.299863255008
2989,74619.7565936752,62211.85621164516,23941.10994829058,32420.355966133597,55160.59609181835,41062.00975918886,44963.260884673706,28682.652554828237,15615.487470088896,18942.097597372245,58401.21905818213,41566.08630014495,-187500.02235174447,73369.95880245672,30311.088897119636,19295.63513942184
2990,74624.361053033,62217.13122333661,23953.87279437456,32428.402594137504,55165.535827342974,41070.12344242614,44978.57182962559,28686.7205723191,15606.524420562318,18933.626286223687,58386.958645219645,41569.03673041305,-187500.02235174447,73360.34755234093,30316.229798344357,19309.225000050665
2991,74621.5670849761,62214.31490353524,23951.145881551016,32428.916684259977,55160.39492611825,41064.58020980123,44973.29681793413,28678.29396465945,15619.33197013521,18941.2705828274,58410.07034898643,41571.62953276987,-187500.02235174447,73376.0161252041,30317.213275100385,19312.80127916352
2992,74627.42324202339,62217.7347204369,23950.54238445072,32431.12950696105,55154.67287953769,41066.10012842419,44969.02763474317,28675.745865791545,15612.961722965449,18931.949905389534,58398.38038663631,41565.12517513337,-187500.02235174447,73379.03361070558,30310.99949014181,19311.77309891857
2993,74636.14042236096,62212.83968840119,23943.568640180667,32421.29473940072,55161.71367904111,41057.42765157553,44964.37847189647,28674.158891935214,15624.539926593296,18947.082036385786,58425.537756149504,41562.577076265465,-187500.02235174447,73381.98404097368,30312.78762969824,19308.80031690601
2994,74626.70798620081,62218.11470009264,23952.84461412962,32429.587236593637,55174.36476640282,41057.3382445977,44981.11992849349,28672.39310412325,15607.46319382944,18930.78761467786,58405.46588962864,41555.40216629531,-187500.02235174447,73370.87522397938,30310.19482734142,19303.905284870303
2995,74647.38334982198,62218.24881055937,23958.387846754533,32429.967216249373,55173.649510580246,41055.08071840772,44981.96929478279,28676.90815650322,15621.589496325196,18942.052893883338,58429.98575329611,41564.20875361071,-187500.02235174447,73376.6196223044,30323.76233622579,19306.743956416125
2996,74632.7653089482,62216.97476112542,23944.060378558683,32420.914759744974,55162.16071393022,41051.8397154617,44971.2628091887,28682.943127506154,15606.591475795683,18925.80317566433,58411.41145365375,41551.7588319491,-187500.02235174447,73368.28242162257,30310.88773141953,19301.312482513487
2997,74652.07721615759,62216.4830227474,23939.81354711217,32418.947806232907,55161.06547845191,41053.426689318025,44960.46691661679,28678.606889081824,15613.431109599009,18933.93921064606,58432.33268646392,41553.144640105325,-187500.02235174447,73374.58561355897,30305.97034763937,19300.127840057357
2998,74631.96064614781,62211.05154884476,23938.02540755575,32409.6494805395,55163.18889417516,41038.048689132775,44969.94405626584,28650.466042812597,15600.958836192947,18924.886754141666,58421.58149738092,41551.02122438207,-187500.02235174447,73365.84608147694,30301.499998748302,19296.663319666783
2999,74663.81188199662,62215.76776692484,23943.278067502742,32417.316128887676,55160.640795307256,41053.11376489565,44962.32211140658,28689.335726420373,15605.56329555074,18931.525222244887,58432.891480075305,41556.67621572927,-187500.02235174447,73369.84704373444,30300.58357722564,19299.613749934884
